0.566162 0.042299 0 0.000000
-0.401360 -0.021107 0 -70.002800
-1.018555 -0.057157 2 -20.201185
0.498217 0.010426 2 0.121829
0.488688 0.005074 2 -4.765304
-0.544678 0.029883 2 -75.799713
-1.129097 -0.000873 2 -42.093388
-0.618777 -0.040087 2 -71.172539
0.361514 0.029949 1 -5.422664
-1.038900 0.030475 0 -34.327034
-1.062803 -0.029113 1 -58.019596
-0.858824 -0.003733 2 -65.927200
0.202446 -0.010506 2 -57.201317
-0.616651 -0.058360 1 -43.674320
-0.253631 -0.043130 2 -69.870407
0.459455 0.038123 1 -1.159647
-0.256576 -0.021774 0 -72.923157
-0.382972 0.007379 0 -97.415764
-0.004751 -0.026043 1 -71.226410
-0.510459 0.034184 2 -60.526165
0.053241 -0.010282 0 -80.629593
-0.771722 -0.014831 0 -75.926529
-0.705459 -0.016929 0 -78.481972
-0.971565 -0.032073 2 -57.288769
-0.607860 -0.047600 0 -69.540665
-0.606619 -0.009157 0 -104.313927
0.028772 -0.040114 0 -36.404076
-0.334889 -0.056865 0 -37.757668
-0.964051 -0.054583 2 -30.079189
-0.633034 -0.028164 0 -76.622711
-0.366722 0.048015 2 -26.177000
-0.257454 0.026997 2 -83.839615
-0.364540 0.035340 2 -58.445786
0.191337 0.009671 2 -40.059052
0.367409 -0.053053 2 -3.520876
0.333999 -0.035934 2 -10.828221
-0.091734 0.061520 1 -7.574107
-1.163858 -0.016276 1 -51.034847
-1.147750 0.048775 2 -7.767992
-0.152976 -0.069909 2 -5.235624
0.400223 0.049808 0 -1.455498
0.417684 -0.059239 0 -1.241286
-0.312687 0.055643 2 -19.735312
0.348967 0.068430 0 -0.640618
-0.475257 0.005021 2 -107.073135
-0.493127 -0.009507 0 -99.174171
-0.060302 -0.028676 1 -72.796684
-0.291832 -0.009646 0 -80.074364
0.101109 -0.026146 2 -50.094810
-0.557851 0.016128 2 -104.565689
-0.498525 0.045361 2 -21.275585
0.114368 -0.011012 2 -71.707527
0.263129 0.015592 2 -21.021278
-0.654715 0.018064 2 -90.122406
-0.608934 -0.055187 0 -57.064270
0.069590 0.056234 1 -5.911589
-0.572030 0.059529 2 -21.986782
-0.417253 -0.044091 0 -67.704788
-0.705971 0.000238 2 -106.825043
0.585410 -0.063876 1 -16.857113
-0.719597 0.035235 2 -33.376488
-0.378918 0.001302 0 -86.542137
-0.285586 -0.021015 0 -71.655502
-0.585222 -0.012159 0 -95.392204
-1.085366 -0.065122 2 3.802415
0.142986 0.039670 2 -11.510082
0.176144 -0.048587 2 -1.009982
-0.137381 0.005442 0 -84.681061
0.550047 -0.025593 1 -9.749200
-0.049711 -0.008135 2 -83.835487
-0.782363 0.047836 2 -29.251728
-0.099397 0.010259 2 -85.619347
-0.887337 -0.032806 2 -56.736156
0.451168 -0.046826 2 -3.520876
-0.328303 -0.027891 0 -71.725723
-0.807139 -0.027776 1 -61.648117
-0.158103 0.049136 2 -18.775988
0.102882 0.053277 1 -7.338826
-0.641001 -0.032238 2 -73.846031
-0.065379 0.032704 2 -37.051392
0.487004 -0.001484 1 -12.634287
0.297438 -0.009640 0 -34.619972
0.215721 0.063501 0 -5.648129
-0.291766 -0.042333 0 -71.603836
-0.941004 -0.002359 2 -41.347130
0.157365 0.026966 2 -19.443617
-0.353227 -0.056635 0 -38.813095
0.166613 0.047688 1 -7.089666
0.328688 -0.055542 2 0.000000
-0.762733 0.029676 2 -41.948860
0.103819 -0.031276 2 -39.598396
0.260743 -0.039973 2 -0.496242
-0.462385 -0.036321 0 -80.756569
-0.914464 0.048805 1 -16.504614
-0.402191 -0.017059 0 -75.516754
-0.327794 0.015476 0 -95.820267
-0.990689 -0.049260 1 -45.835743
-0.211581 -0.020214 0 -78.509071
-0.493612 -0.031976 2 -83.159500
-0.350562 -0.008569 0 -83.876312
0.238091 0.011590 2 -28.354065
-0.710313 0.004029 2 -102.952393
-0.730843 -0.039130 1 -64.158607
-0.823251 -0.031188 2 -60.193855
-0.919443 -0.003677 2 -45.539730
-0.797798 -0.054890 1 -49.039433
0.138264 0.039711 2 -11.510082
-0.548825 -0.047645 0 -71.656654
-0.111772 -0.027289 0 -79.149086
0.451219 -0.066432 1 -16.857113
-0.302900 0.062790 0 -17.095776
-0.077428 -0.025176 2 -76.379303
0.250237 -0.034324 2 -4.358474
0.579606 0.004021 2 -1.658131
0.534568 0.035070 0 -0.728953
0.512034 0.018601 0 -0.640820
-0.625652 -0.036707 2 -70.312050
-0.429989 -0.056798 0 -49.211227
-0.812187 -0.053304 1 -53.986103
-0.163160 0.054674 1 -17.619076
0.369724 0.022447 0 -6.538937
-1.039053 0.032652 0 -32.584003
0.161259 -0.043801 2 -4.435145
-1.055551 -0.004851 2 -44.057644
0.553385 0.068699 1 0.000000
0.475496 0.019669 0 0.457294
0.496269 0.047374 0 0.000000
-1.196280 -0.035184 0 -51.612312
0.501367 0.058227 0 0.000000
0.154789 0.059244 1 -10.419365
-1.170895 0.038732 1 -9.471663
-0.246046 -0.017680 0 -74.107826
-0.246020 0.052956 1 -23.060354
-0.494072 -0.067399 1 -17.209209
-0.688334 0.057162 0 -21.510967
0.026131 -0.067166 2 0.000000
-0.130218 -0.069643 2 -4.405436
0.110264 0.053974 1 -6.806541
0.092627 0.029417 2 -21.705061
-0.961500 0.048166 1 -11.503702
-0.265086 0.026251 2 -83.839615
-0.789750 0.033963 2 -25.668383
-0.882392 0.021531 2 -27.824642
-0.287837 -0.065615 2 -5.301042
0.568242 -0.029857 1 -3.403075
-1.164267 -0.027242 0 -62.096699
-0.439418 0.060141 2 -19.375551
0.220031 0.041613 2 -7.525702
-0.488477 -0.036428 0 -77.457436
-1.066469 -0.019435 2 -49.134895
-0.365248 -0.035344 0 -77.154015
0.178662 0.040659 2 -2.309213
-0.686039 0.001355 2 -110.033821
-0.823482 -0.019512 0 -67.100235
-0.854614 -0.024330 0 -60.055153
-0.131792 0.044155 2 -14.536180
-0.322990 -0.068843 2 -12.492550
-0.912756 0.023123 2 -31.364716
-0.767375 0.015896 2 -65.827309
-0.854247 0.023460 2 -35.843731
0.131482 0.008403 2 -52.929604
-0.457925 0.014961 2 -103.289017
-0.737852 -0.067735 1 -14.714080
0.296840 -0.000107 2 -38.217323
-0.792604 0.028894 2 -31.360153
-0.193024 -0.023157 0 -79.018562
-0.778865 -0.022768 0 -68.895370
-0.285746 0.001336 0 -80.291962
0.106058 0.053885 1 -7.338826
-0.987704 0.036195 0 -30.492859
-0.496515 -0.001136 0 -113.784576
0.507952 -0.067770 0 -13.301658
-0.452069 -0.020377 0 -80.397507
-0.733879 -0.045933 1 -62.961533
-0.875934 -0.036293 2 -58.070332
0.024588 0.023188 2 -39.614708
-1.036573 -0.044497 1 -51.932602
-0.770366 0.037955 2 -20.839615
-0.717376 0.053725 0 -27.180706
0.430905 -0.046025 2 -3.520876
-1.133001 -0.062522 2 2.932107
0.408544 -0.064980 1 -16.857113
-0.568260 -0.002793 2 -114.005417
0.104290 -0.043885 2 -5.979674
-0.238669 0.017341 0 -95.897614
-0.362343 -0.062939 0 -31.269527
0.382005 0.051013 0 -0.940088
-0.410694 0.014490 0 -102.229721
-0.154159 -0.036851 0 -68.826485
-1.027605 -0.008025 2 -44.751122
0.281422 0.013453 2 -19.737862
-0.737900 0.014154 2 -77.567207
-0.050153 0.067911 1 -9.989016
-0.288598 0.041610 2 -36.894028
-0.685202 -0.054129 1 -60.895771
0.427905 -0.028204 1 -15.368544
0.250595 -0.015442 0 -41.081341
-0.189331 -0.021061 0 -80.562012
-0.053966 -0.023334 0 -77.569580
-0.766255 0.049444 2 -29.024418
-0.571496 -0.022167 0 -79.884087
-1.181401 0.039002 1 -9.471663
0.339497 -0.052004 2 0.000000
0.557196 -0.009956 0 -9.988789
-0.033466 0.020283 2 -68.549881
0.193028 -0.042213 2 -1.101866
-1.075678 -0.051061 2 -25.299614
0.557065 0.063652 1 0.000000
0.509773 -0.039074 0 -21.562157
0.464453 0.009720 2 -2.304171
-0.557994 0.042742 2 -26.635056
-0.363072 -0.015264 0 -77.559273
-1.061699 0.058254 2 -2.802313
-0.415242 0.013127 2 -103.376907
0.101086 0.037176 2 -12.421711
-0.287112 0.003353 0 -81.394203
-0.490610 0.055730 2 -22.603870
-0.309745 0.034080 2 -61.047817
-0.044530 0.020482 2 -73.450134
-0.468853 0.023507 2 -107.644730
-0.708374 0.058902 0 -16.737381
-0.038026 -0.032300 0 -63.539944
-0.501331 0.044930 2 -21.275585
-1.180641 0.062854 0 -0.765129
0.275073 -0.067939 0 -8.077383
0.304590 0.037397 1 -6.534307
-0.949094 0.009655 2 -42.254890
0.589296 0.049444 0 -3.526174
-0.871950 0.004191 2 -56.838730
-0.039367 0.011281 2 -81.349449
-0.459076 -0.007690 0 -90.783989
-0.410574 0.033886 2 -69.116219
0.584668 -0.048285 0 0.000000
0.084601 0.030226 2 -14.899975
-1.116588 -0.054054 2 -13.406496
-0.676254 0.022946 2 -73.181877
-0.251539 -0.034265 0 -74.694214
0.249447 0.056443 1 -1.191137
0.514174 -0.003493 1 -9.460404
-0.655772 0.061490 0 -15.700960
-0.349337 -0.061605 0 -29.910595
-0.009598 -0.024376 1 -71.324051
0.341515 -0.017572 2 -11.545752
0.494150 -0.019490 2 -0.309218
-1.128723 -0.066402 2 4.027723
-0.453896 -0.031435 0 -82.391220
-0.071803 -0.013540 2 -79.542786
-0.115714 0.030182 2 -54.694534
-0.324676 -0.045665 0 -62.068413
-0.288026 0.001742 0 -80.291962
0.157651 0.062137 1 -9.555121
-0.049018 -0.055991 0 -12.631153
0.449532 0.056196 0 0.000000
0.482113 -0.045286 0 -7.009627
-0.595039 -0.022892 0 -81.510719
-0.271561 0.025016 2 -88.242264
-1.073676 -0.034713 1 -57.937000
0.319797 -0.054445 2 0.000000
0.445783 -0.054841 2 -3.520876
-0.860973 -0.038738 2 -62.212105
-0.028416 -0.051516 0 -19.431057
-0.921903 0.019882 2 -32.562424
-0.485295 0.015485 2 -106.377403
-0.702432 -0.013997 0 -90.728806
-0.342874 0.036302 2 -58.179386
0.333584 0.062744 0 -0.640618
-1.105817 -0.031729 1 -55.007107
-0.008315 -0.053162 0 -10.424645
-0.047018 -0.022917 0 -77.569580
-0.609312 -0.023615 0 -81.510719
-1.094500 0.015053 2 -40.216244
-0.719586 -0.023908 0 -77.099976
0.265994 0.037079 1 -10.235044
0.242399 -0.027810 2 -12.542318
-0.055914 -0.045697 1 -32.054489
0.013169 -0.049749 1 -14.422679
0.099048 0.048662 1 -10.287849
0.244946 0.026767 2 -9.596581
0.181267 -0.029229 2 -24.122456
0.393950 -0.021622 2 -6.244761
0.466895 -0.061982 1 -5.447855
-0.985060 -0.019138 2 -46.939114
0.024096 0.061552 1 -12.688676
0.531845 -0.009336 1 -6.568913
-0.358314 0.067221 0 -19.477493
-0.598876 0.068941 0 -2.994356
-0.995096 0.033282 0 -32.495834
0.153166 -0.060877 0 0.000000
0.269874 -0.013824 0 -32.440304
0.206335 0.068110 1 -8.163708
-0.203580 -0.004963 0 -82.664299
-0.317305 0.025857 2 -89.739014
-0.882909 0.033906 2 -25.703743
-0.313926 -0.058527 0 -36.316345
-1.020619 -0.012303 2 -48.331051
-0.898590 0.042648 2 -25.787601
0.194071 0.023281 2 -20.955139
0.435461 -0.010747 0 -11.837320
-0.034365 -0.043736 0 -38.524010
-0.060872 -0.014709 0 -79.370674
-0.157090 0.034905 2 -49.052994
-0.944224 0.054219 1 -5.388467
-0.639982 0.042265 2 -20.786362
-0.715410 -0.034974 1 -68.667542
0.232200 -0.047491 2 -0.496242
-0.099107 0.066929 1 -5.066832
-1.080191 0.069052 2 -8.641394
-0.891316 -0.003729 2 -58.200260
-0.766554 -0.068933 2 -14.235401
0.494926 0.029044 1 -2.858999
-0.029662 0.023455 2 -59.719654
-1.022397 0.015932 2 -32.829689
-0.366759 0.051188 2 -25.065897
-0.741062 0.026805 2 -54.970833
-0.136902 0.048342 2 -16.825182
0.597867 0.028931 0 0.116199
0.395896 0.012986 2 -8.189837
-0.165894 0.069817 1 -4.063237
0.245073 -0.048201 2 -0.496242
-0.070053 0.046938 2 -6.604094
-0.022120 0.038702 2 -14.223212
-0.648547 0.031426 2 -54.525120
-0.085186 0.024953 2 -70.501373
-0.033397 -0.047289 0 -25.791048
-0.580257 -0.023669 0 -80.178268
-0.048792 0.048794 2 -8.366235
-0.816442 0.049108 0 -24.332569
0.298372 0.023413 2 -14.881858
-0.370393 0.021127 0 -100.224350
0.254281 -0.030883 2 -9.192630
-0.754157 0.010033 2 -86.155693
-0.383536 0.023853 2 -100.957016
-0.218557 0.014005 0 -96.033943
-0.493367 -0.049077 0 -65.670479
0.547441 0.047878 0 -3.526174
0.195620 0.041968 1 -9.832311
0.337906 -0.002706 2 -29.569944
-0.208460 -0.045659 2 -56.016052
-0.792420 -0.019795 0 -68.056435
0.538489 -0.031669 1 -3.403075
0.258628 -0.004127 0 -46.141468
0.497312 -0.023425 2 -0.916065
-0.406334 -0.024759 0 -77.764557
-0.933744 -0.067195 2 -2.941818
-0.650648 0.044358 2 -16.157455
-0.591403 0.035629 2 -49.644878
-0.337606 -0.043967 0 -66.132294
-0.522128 -0.035217 0 -76.756035
-0.846996 0.047815 1 -24.866318
0.063139 0.050833 1 -10.686045
0.156761 -0.042225 2 -4.435145
-1.132599 -0.058372 2 -2.925858
-0.997172 0.019295 2 -28.796005
0.263219 0.048035 1 -3.576646
-0.847591 0.018530 2 -46.860416
-1.073225 -0.060999 2 -3.481062
-0.549457 0.026244 2 -95.568695
-0.957899 0.050169 1 -9.090858
-0.844985 0.056513 0 -10.139817
-0.707484 0.046455 2 -22.788122
0.243796 -0.033373 2 -4.358474
-0.488671 0.010889 2 -103.909584
0.082671 -0.061035 1 -1.609758
-0.349313 -0.059818 0 -34.187866
0.398042 0.012461 2 -8.189837
-1.118121 0.060825 0 -0.765129
0.265081 0.019878 2 -18.623196
-0.035840 -0.014695 2 -78.758469
0.033516 0.044654 2 -5.516790
-0.081060 0.033328 2 -33.549625
0.012767 0.051580 1 -12.655396
0.446958 -0.030491 1 -13.808190
0.066354 -0.066962 2 0.000000
-0.093498 -0.052341 1 -33.443573
-0.911611 -0.046830 1 -56.708168
-0.727370 -0.043325 1 -63.611523
-0.207810 0.038816 2 -37.571827
0.065290 0.049171 1 -10.406528
-0.841756 -0.046086 1 -60.637905
0.067652 0.005970 2 -68.047958
0.212399 0.038095 1 -11.027115
-0.009756 0.059461 1 -7.182385
-0.246684 0.064853 0 -12.483545
0.495922 -0.010620 0 -11.421640
0.270448 -0.046507 2 -0.496242
0.205099 0.064675 1 -8.163708
-1.061220 -0.028074 1 -57.848335
-0.716437 -0.047830 1 -64.255356
-0.401242 -0.008294 0 -85.766228
-0.744105 -0.056536 1 -47.476410
-0.193856 0.029692 2 -78.681404
-0.136520 -0.051453 1 -38.117737
-0.761594 0.010276 2 -86.155693
-0.226754 -0.059751 2 -17.271000
-0.188294 -0.019624 0 -78.781448
-1.093220 0.035108 0 -17.748337
-0.633354 0.053371 2 -25.001099
-0.557576 -0.067423 1 -12.361547
-0.352833 0.056553 2 -18.382977
0.569795 0.039924 0 -0.548992
-0.506154 -0.011214 0 -91.584900
-0.896830 -0.032883 1 -59.256981
0.376107 0.043641 1 -7.376348
-1.002184 0.056606 1 -1.073899
-0.981821 0.063595 2 -3.974398
-1.148897 -0.063452 2 3.157415
-0.724578 -0.013086 0 -89.952400
-0.892494 0.000237 2 -55.264633
-0.194830 0.046804 2 -15.701692
0.322120 -0.065043 0 -8.077383
-0.856152 0.011237 2 -57.088501
-0.666591 -0.018286 0 -80.759422
0.358053 -0.050672 2 -3.520876
-0.232602 -0.013712 0 -84.919029
-0.907084 0.036992 2 -26.582962
-0.448751 -0.058633 1 -45.037292
-1.068904 0.035166 0 -19.620663
0.512098 0.039192 1 -3.681296
-0.080006 -0.032073 2 -68.234070
0.327986 0.026623 1 -7.522722
-0.258291 0.025113 2 -88.242264
-0.761076 0.005749 2 -90.153992
0.003568 0.067408 1 -8.318888
0.219029 -0.063919 0 0.000000
-0.496172 0.040148 2 -41.322067
-1.053695 -0.048702 1 -39.315998
-0.311744 -0.058653 0 -36.316345
-0.578365 0.000609 2 -112.244972
-0.303942 0.032434 2 -68.147125
0.282909 0.053585 0 -1.751207
0.468139 0.012497 2 -0.365324
-0.242706 0.050417 2 -22.649660
-0.923697 -0.063966 2 -9.563747
-0.734719 0.056686 0 -19.820965
-1.120545 0.061370 2 -1.002728
-0.961590 -0.037478 2 -61.697548
0.396139 0.003764 2 -15.611847
-0.230154 0.027103 2 -86.357857
0.228997 -0.010181 0 -57.271732
-0.493391 -0.036796 0 -73.356728
-0.352648 0.047948 2 -25.910601
0.588897 -0.054827 1 0.000000
0.359061 -0.056065 2 0.000000
-0.893412 -0.055838 0 -39.312664
-0.046113 -0.043357 0 -43.506565
-1.020369 0.008620 2 -38.553303
-0.371509 0.038513 2 -45.052479
-0.853429 -0.065094 2 -13.373210
-1.083962 -0.015823 2 -48.306602
0.275672 -0.039260 2 -0.496242
-0.999120 0.007262 2 -37.430897
0.266867 0.066983 0 -1.063742
0.138246 0.062760 1 -9.859761
-0.836057 -0.006948 2 -68.201981
-0.345357 -0.013150 0 -79.703735
0.460351 -0.060934 0 -9.318669
0.364068 0.000009 2 -19.212893
-1.138506 -0.008016 2 -46.995041
0.125865 -0.066829 2 0.000000
-1.010751 0.010345 2 -36.081127
-0.187328 -0.012425 0 -83.438316
0.341006 0.061637 0 -0.640618
0.392955 -0.016626 0 -7.208129
-1.000160 -0.027998 2 -54.457134
0.172044 0.004643 2 -56.587173
-0.835725 0.005959 2 -64.976036
-0.384175 0.001498 0 -93.784866
-1.138523 0.029716 1 -15.616876
-1.070560 -0.042957 2 -46.510387
-0.685307 -0.018662 0 -79.047340
0.463982 -0.041769 0 -10.731068
0.405720 -0.033694 0 -18.703247
-0.818811 0.040337 2 -20.363338
0.355895 0.055076 0 -0.940088
-0.966025 -0.041359 2 -60.827770
-1.165471 -0.061991 2 2.932107
0.532558 0.051804 0 -3.526174
0.054521 0.050281 1 -11.245161
-0.800792 0.041332 2 -18.123638
-1.172872 -0.068542 0 -9.362934
-1.132356 0.013915 2 -33.244427
-0.693906 -0.014142 0 -82.641060
0.337135 0.004790 2 -23.297987
0.332826 0.057932 0 -0.125208
0.458467 0.059796 1 0.000000
0.092380 -0.030474 2 -39.598396
-0.795000 0.031761 2 -25.764479
-1.030287 -0.047328 1 -43.892590
-0.944882 0.069037 1 -9.030566
0.105508 -0.033526 2 -29.869194
0.589013 0.005562 2 4.784110
0.263002 0.052508 0 -1.751207
-0.341163 0.023442 2 -99.241989
-0.412485 -0.056407 0 -46.608994
-1.001360 0.002196 2 -39.493622
-0.116558 -0.027780 0 -79.149086
0.584885 0.052160 0 -3.526174
-0.154327 0.064464 1 -6.165206
-0.650323 -0.051540 0 -61.958755
-0.740048 0.059852 0 -12.450229
