0.551430 0.005816 2 6.841649
0.596856 0.017063 2 9.813645
0.560679 0.018293 2 4.063256
0.575630 0.006135 2 4.784110
0.598670 0.019977 2 6.011230
0.497896 0.025816 0 0.849493
0.572534 0.015403 2 7.737720
0.599177 0.007233 2 5.894285
0.515266 0.007318 2 5.841788
0.599681 0.018142 2 6.011230
0.565032 0.017077 2 7.865671
-1.133241 -0.065762 2 4.027723
0.552172 0.009933 2 7.090969
0.599064 0.016872 2 9.813645
0.597359 0.020092 2 6.011230
0.471033 0.025193 0 0.907673
0.578397 0.009268 2 5.033431
0.560164 0.022517 2 2.281839
0.568573 0.015548 2 7.737720
0.571653 0.014762 2 7.737720
0.598280 0.007450 2 5.894285
0.577667 0.014601 2 8.824839
0.593433 0.018230 2 5.150375
0.571360 0.015791 2 7.865671
0.582019 0.016464 2 8.952790
0.541477 0.008246 2 7.090969
0.591910 0.020845 2 5.150375
0.582187 0.015751 2 8.952790
-1.139637 -0.062901 2 2.932107
0.584931 0.014146 2 8.824839
0.550958 0.013202 2 5.967780
0.527550 0.005709 2 5.592468
0.563442 0.020231 2 5.150375
0.578500 0.014867 2 8.824839
0.569775 0.015177 2 7.737720
0.588416 0.014196 2 8.824839
0.522725 0.007570 2 5.841788
0.565700 0.015541 2 7.737720
0.570947 0.014833 2 7.737720
0.520817 0.005444 2 5.592468
0.544378 0.008091 2 7.090969
0.597760 0.014657 2 9.685694
0.585578 0.017438 2 8.952790
0.528907 0.005449 2 5.592468
-1.118443 -0.065098 2 4.027723
0.546454 0.006140 2 6.841649
0.576132 0.017485 2 8.952790
0.572887 0.015307 2 7.737720
0.536637 0.012799 2 5.967780
0.541359 0.012783 2 5.967780
-1.192017 -0.064901 2 4.027723
0.509597 0.005737 2 1.040901
0.562609 0.015613 2 7.737720
0.584301 0.018485 2 5.150375
0.543560 0.008445 2 7.090969
-1.143189 -0.065992 2 4.027723
0.516932 0.022142 0 0.984886
0.576160 0.017275 2 8.952790
0.545092 0.005957 2 6.841649
-1.106331 -0.062834 2 2.932107
0.579034 0.014548 2 8.824839
0.553705 0.019570 2 5.150375
0.584566 0.008883 2 5.033431
0.584273 0.014464 2 8.824839
0.596599 0.017320 2 9.813645
0.597620 0.017395 2 9.813645
0.572938 0.007599 2 3.946311
0.554839 0.016723 2 7.865671
0.552079 0.009466 2 7.090969
0.585927 0.016187 2 8.952790
-1.131077 -0.066335 2 4.027723
0.520870 0.007019 2 5.841788
0.543156 0.005993 2 6.841649
0.514263 0.008454 2 5.841788
0.572773 0.016461 2 7.865671
0.579512 0.019929 2 5.150375
0.543905 0.013457 2 5.967780
0.532934 0.007572 2 7.090969
0.594948 0.017440 2 8.952790
0.590919 0.005867 2 4.784110
0.523541 0.009077 2 4.673395
0.576086 0.006387 2 4.784110
0.560438 0.007344 2 3.946311
0.590837 0.017214 2 8.952790
0.529052 0.007496 2 5.841788
0.580997 0.016617 2 8.952790
0.481088 0.005840 2 1.676936
-1.118659 -0.063803 2 3.157415
-1.162170 -0.065272 2 4.027723
0.573307 0.019203 2 4.063256
0.578898 0.014247 2 8.824839
-1.101174 -0.064083 2 2.932107
-1.164228 -0.066396 2 4.027723
0.554621 0.017543 2 4.063256
0.584902 0.006958 2 4.784110
0.575774 0.017851 2 5.150375
0.557130 0.015313 2 7.737720
0.585526 0.015715 2 8.824839
0.577836 0.020040 2 5.150375
0.581836 0.015374 2 8.824839
0.539585 0.005298 2 6.841649
0.576035 0.009552 2 5.033431
-1.190807 -0.068866 2 3.255738
0.598804 0.009397 2 5.894285
0.586122 0.006856 2 4.784110
0.568750 0.019484 2 5.150375
0.596972 0.021654 2 3.142694
0.535017 0.009929 2 7.090969
0.570357 0.009465 2 3.946311
0.573963 0.014510 2 8.824839
-1.166698 -0.064444 2 3.157415
-1.138662 -0.065012 2 4.027723
0.484741 0.025191 0 0.907673
0.538317 0.005461 2 6.841649
0.545795 0.008658 2 7.090969
0.560941 0.020948 2 5.150375
0.534725 0.010674 2 5.132865
0.598808 0.019474 2 6.011230
0.534412 0.007359 2 7.090969
0.488841 0.008507 2 1.290222
0.557419 0.015097 2 7.737720
0.599293 0.015517 2 9.685694
0.591058 0.014396 2 8.824839
0.553261 0.019842 2 5.150375
0.579845 0.017050 2 8.952790
0.589200 0.005618 2 4.784110
0.538949 0.011699 2 5.132865
-1.084741 -0.065768 2 3.802415
0.577142 0.020796 2 5.150375
0.576689 0.011778 2 3.075326
0.550205 0.009473 2 7.090969
0.571942 0.014943 2 7.737720
0.598141 0.012825 2 4.771097
-1.083179 -0.063167 2 2.932107
0.520178 0.005734 2 5.592468
-1.096789 -0.066223 2 3.802415
-1.098847 -0.066322 2 3.802415
0.511385 0.006635 2 5.592468
-1.137340 -0.065278 2 4.027723
0.592128 0.013673 2 3.910242
-1.193922 -0.064472 2 3.157415
0.581048 0.020210 2 5.150375
0.579457 0.021142 2 2.281839
0.554394 0.014663 2 7.737720
0.528800 0.007611 2 5.841788
-1.198502 -0.067339 2 4.027723
0.578844 0.016890 2 8.952790
0.520024 0.006074 2 5.592468
0.517449 0.005979 2 5.592468
0.587901 0.016390 2 8.952790
0.558010 0.007951 2 3.946311
0.570166 0.017379 2 7.865671
0.597615 0.009870 2 5.894285
0.562721 0.015006 2 7.737720
0.561056 0.018546 2 4.063256
-1.067216 -0.063621 2 2.932107
-1.141651 -0.065510 2 4.027723
0.573676 0.020048 2 5.150375
-1.199988 -0.066567 2 4.027723
0.597680 0.015021 2 9.685694
0.599320 0.016956 2 9.813645
-1.140415 -0.066360 2 4.027723
0.551382 0.011832 2 5.132865
0.566257 0.020356 2 5.150375
0.553019 0.007159 2 3.946311
0.531468 0.011047 2 5.132865
-1.190111 -0.066693 2 4.027723
0.561890 0.014883 2 7.737720
-1.132966 -0.063007 2 3.157415
0.558980 0.015125 2 7.737720
0.545570 0.008599 2 7.090969
0.553479 0.019079 2 4.063256
0.594396 0.015067 2 8.824839
0.523368 0.007840 2 5.841788
0.574979 0.015982 2 8.952790
0.559005 0.016204 2 7.865671
0.553899 0.020417 2 5.150375
0.539281 0.007709 2 7.090969
0.564101 0.018495 2 4.063256
0.596746 0.014906 2 9.685694
-1.073260 -0.063634 2 2.932107
0.557359 0.015416 2 7.737720
0.536187 0.013575 2 5.967780
0.577381 0.009948 2 5.033431
0.511700 0.007575 2 5.841788
0.530608 0.008108 2 5.841788
0.565157 0.016287 2 7.865671
0.560456 0.020088 2 5.150375
-1.183295 -0.065143 2 4.027723
0.524541 0.010843 2 2.715291
0.541435 0.008818 2 7.090969
0.595739 0.018047 2 6.011230
-1.114880 -0.064769 2 4.027723
0.548917 0.005535 2 6.841649
0.544090 0.010262 2 7.090969
0.593116 0.008771 2 5.033431
0.552029 0.013811 2 5.967780
0.577510 0.017698 2 5.150375
0.519992 0.006702 2 5.592468
0.597730 0.014862 2 9.685694
0.520333 0.006512 2 5.592468
0.556167 0.014363 2 7.737720
0.590282 0.009485 2 5.033431
0.599932 0.019456 2 6.011230
0.593640 0.014203 2 8.824839
0.592493 0.016963 2 8.952790
0.532471 0.007236 2 7.090969
0.548391 0.007597 2 7.090969
0.545784 0.005481 2 6.841649
0.552720 0.016638 2 7.865671
0.530298 0.010138 2 4.673395
0.599313 0.016573 2 9.813645
0.550589 0.009477 2 7.090969
0.590092 0.014906 2 8.824839
-1.192133 -0.067353 2 4.027723
0.516122 0.007371 2 5.841788
0.539035 0.007920 2 7.090969
-1.086621 -0.063535 2 2.932107
0.489870 0.008106 2 1.290222
0.579125 0.015950 2 8.952790
0.598899 0.017338 2 9.813645
0.579710 0.015156 2 8.824839
0.547702 0.011695 2 5.132865
0.552727 0.009896 2 3.946311
0.568756 0.014110 2 7.737720
0.549691 0.007651 2 7.090969
-1.179870 -0.066274 2 4.027723
0.537281 0.009101 2 7.090969
0.565504 0.019866 2 5.150375
0.535291 0.008728 2 7.090969
0.589352 0.014470 2 8.824839
0.594304 0.014049 2 8.824839
0.534826 0.006809 2 6.841649
0.589101 0.020564 2 5.150375
0.585590 0.006186 2 4.784110
0.594614 0.007616 2 5.033431
0.587182 0.020519 2 5.150375
0.571872 0.009006 2 3.946311
0.547490 0.009274 2 7.090969
0.562606 0.014845 2 7.737720
0.555728 0.019972 2 5.150375
0.536271 0.010029 2 7.090969
0.593890 0.005880 2 4.784110
0.583126 0.015989 2 8.952790
0.542106 0.005556 2 6.841649
0.540065 0.008421 2 7.090969
-1.172321 -0.065412 2 4.027723
0.576547 0.012979 2 3.910242
0.584652 0.015946 2 8.952790
0.576151 0.015955 2 8.952790
0.594686 0.009332 2 5.033431
-1.115873 -0.066106 2 4.027723
0.585505 0.016274 2 8.952790
0.548718 0.013277 2 5.967780
0.588101 0.020482 2 5.150375
0.557191 0.014553 2 7.737720
-1.152986 -0.065952 2 4.027723
-1.167892 -0.064812 2 4.027723
0.550481 0.008860 2 7.090969
0.552046 0.007198 2 7.090969
0.548528 0.005335 2 6.841649
0.581808 0.005284 2 4.784110
0.530437 0.006556 2 5.592468
0.585216 0.018393 2 5.150375
0.556290 0.019604 2 5.150375
0.539991 0.008083 2 7.090969
-1.182095 -0.066239 2 4.027723
0.554867 0.015632 2 7.737720
-1.131426 -0.063977 2 3.157415
0.560853 0.005498 2 3.696991
-1.180061 -0.063694 2 3.157415
0.551285 0.010257 2 7.090969
0.565544 0.014428 2 7.737720
-1.150490 -0.065543 2 4.027723
0.572170 0.006497 2 3.696991
0.562611 0.014098 2 7.737720
0.548278 0.020656 0 0.278309
0.594037 0.015672 2 8.824839
0.550877 0.005311 2 6.841649
0.529078 0.013426 2 3.550206
0.578753 0.016506 2 8.952790
0.587260 0.007565 2 5.033431
0.537920 0.007124 2 7.090969
0.578875 0.016279 2 8.952790
0.573639 0.016992 2 7.865671
0.571591 0.014603 2 7.737720
0.567104 0.016899 2 7.865671
0.573692 0.015020 2 7.737720
0.585559 0.014523 2 8.824839
0.545134 0.005450 2 6.841649
-1.131735 -0.063001 2 3.157415
0.578417 0.018154 2 5.150375
0.589942 0.015118 2 8.824839
0.534906 0.010404 2 7.090969
0.571736 0.010039 2 3.946311
0.590936 0.013048 2 3.910242
0.596121 0.017121 2 9.813645
0.551939 0.007884 2 7.090969
-1.105876 -0.066088 2 4.027723
0.579662 0.015300 2 8.824839
0.592681 0.014707 2 8.824839
0.566727 0.016345 2 7.865671
0.567685 0.015436 2 7.737720
0.536679 0.006703 2 6.841649
-1.163450 -0.066153 2 4.027723
0.596652 0.017304 2 9.813645
0.584080 0.006956 2 4.784110
0.559694 0.010071 2 3.946311
0.577919 0.015169 2 8.824839
0.513853 0.007733 2 5.841788
0.558128 0.015752 2 7.865671
0.593932 0.007862 2 5.033431
-1.097130 -0.066387 2 3.802415
0.583056 0.016655 2 8.952790
-1.101210 -0.063649 2 2.932107
0.522604 0.007504 2 5.841788
0.599460 0.018988 2 6.011230
0.542371 0.011727 2 5.132865
0.563301 0.015386 2 7.737720
0.591173 0.018619 2 5.150375
0.562626 0.015343 2 7.737720
0.565530 0.007715 2 3.946311
0.541347 0.012783 2 5.967780
-1.199283 -0.068148 2 4.027723
0.545814 0.007153 2 7.090969
0.583170 0.008238 2 5.033431
0.543233 0.011581 2 5.132865
0.533567 0.011250 2 5.132865
0.554578 0.014642 2 7.737720
0.548302 0.012742 2 5.967780
0.586035 0.019720 2 5.150375
0.542858 0.007818 2 7.090969
0.585982 0.006875 2 4.784110
0.535221 0.009462 2 7.090969
0.587224 0.007083 2 5.033431
0.538376 0.006010 2 6.841649
0.596688 0.017061 2 9.813645
0.545338 0.007658 2 7.090969
-1.136007 -0.065742 2 4.027723
0.569159 0.020601 2 5.150375
0.596848 0.016000 2 9.813645
0.580706 0.019836 2 5.150375
0.589105 0.016296 2 8.952790
0.537162 0.012597 2 5.967780
0.547239 0.009308 2 7.090969
-1.166261 -0.064507 2 3.157415
0.595243 0.020804 2 6.011230
0.548573 0.013311 2 5.967780
0.574000 0.008544 2 5.033431
0.570208 0.005871 2 3.696991
0.542010 0.010187 2 7.090969
0.556550 0.016118 2 7.865671
0.591226 0.015636 2 8.824839
-1.192288 -0.068155 2 4.027723
0.587716 0.016143 2 8.952790
0.595395 0.017713 2 6.011230
0.569733 0.019336 2 5.150375
0.574085 0.005731 2 4.784110
0.591021 0.009299 2 5.033431
0.516492 0.005894 2 5.592468
-1.199171 -0.066245 2 4.027723
-1.183364 -0.064823 2 4.027723
0.552657 0.008917 2 3.946311
0.583507 0.007096 2 5.033431
0.536113 0.013072 2 5.967780
0.572814 0.009114 2 3.946311
0.516432 0.010251 2 4.673395
0.523909 0.008164 2 5.841788
0.541540 0.008039 2 7.090969
-1.112555 -0.065773 2 4.027723
0.593826 0.005400 2 4.784110
0.560873 0.014706 2 7.737720
0.595460 0.008437 2 5.894285
-1.187768 -0.066138 2 4.027723
0.576409 0.016719 2 8.952790
0.595246 0.020068 2 6.011230
0.534772 0.010336 2 7.090969
0.597256 0.018262 2 6.011230
0.543121 0.005665 2 6.841649
0.546901 0.010326 2 7.090969
0.555243 0.019070 2 4.063256
-1.157793 -0.063695 2 3.157415
-1.097937 -0.065693 2 3.802415
0.556946 0.014007 2 7.737720
0.581181 0.009393 2 5.033431
0.586566 0.005556 2 4.784110
0.594695 0.020486 2 5.150375
0.595497 0.017250 2 9.813645
0.552448 0.009984 2 7.090969
0.534229 0.009969 2 7.090969
0.552929 0.010440 2 3.946311
0.538760 0.007194 2 7.090969
0.595005 0.015624 2 9.685694
0.595295 0.005460 2 5.894285
-1.079842 -0.065650 2 3.802415
0.585385 0.019399 2 5.150375
0.578367 0.015779 2 8.952790
0.587579 0.014416 2 8.824839
0.553170 0.016258 2 7.865671
0.526570 0.008363 2 5.841788
0.561999 0.009094 2 3.946311
0.537436 0.013677 2 5.967780
0.556281 0.018751 2 4.063256
0.593809 0.021496 2 2.281839
0.561804 0.018656 2 4.063256
0.542770 0.009103 2 7.090969
-1.091946 -0.065185 2 3.802415
0.544801 0.013778 2 5.967780
0.547923 0.013488 2 5.967780
0.513001 0.006926 2 5.592468
0.595200 0.015702 2 9.685694
0.558142 0.016197 2 7.865671
-1.193621 -0.061822 2 2.932107
0.563690 0.016742 2 7.865671
0.533804 0.010835 2 5.132865
0.572766 0.007588 2 3.946311
0.513765 0.008530 2 5.841788
0.595432 0.014889 2 9.685694
0.573085 0.014930 2 7.737720
0.564406 0.016599 2 7.865671
0.518509 0.009103 2 4.673395
0.590582 0.006832 2 4.784110
0.591629 0.015724 2 8.824839
0.535549 0.006407 2 6.841649
0.546758 0.007983 2 7.090969
0.550864 0.005792 2 6.841649
0.591217 0.017096 2 8.952790
0.553214 0.016185 2 7.865671
0.539545 0.007234 2 7.090969
0.585704 0.014402 2 8.824839
0.568134 0.016278 2 7.865671
0.580258 0.014094 2 8.824839
-1.082661 -0.066461 2 3.802415
0.550575 0.008026 2 7.090969
0.585678 0.016470 2 8.952790
0.594689 0.009443 2 5.033431
0.554840 0.015262 2 7.737720
0.575906 0.016798 2 8.952790
0.564707 0.014595 2 7.737720
0.539557 0.010284 2 7.090969
0.560444 0.017315 2 7.865671
0.540831 0.013183 2 5.967780
0.587214 0.016641 2 8.952790
0.557430 0.014837 2 7.737720
0.581898 0.017903 2 5.150375
0.557403 0.015032 2 7.737720
0.558493 0.015006 2 7.737720
0.567213 0.016688 2 7.865671
0.597990 0.008526 2 5.894285
0.556916 0.015809 2 7.865671
0.576474 0.017206 2 8.952790
0.514118 0.008126 2 5.841788
0.515871 0.012160 2 2.715291
0.573068 0.005574 2 3.696991
0.570183 0.008045 2 3.946311
0.553308 0.014057 2 7.737720
0.552814 0.019824 2 5.150375
-1.105443 -0.066242 2 4.027723
0.592029 0.017401 2 8.952790
0.529014 0.011933 2 2.715291
-1.172067 -0.064267 2 3.157415
0.526780 0.006930 2 5.592468
0.510991 0.008705 2 5.841788
0.585686 0.019049 2 5.150375
0.536920 0.005949 2 6.841649
0.532091 0.009944 2 7.090969
0.519894 0.005356 2 5.592468
0.588427 0.014664 2 8.824839
0.575399 0.010517 2 3.075326
0.573144 0.014474 2 7.737720
-1.136045 -0.066450 2 4.027723
0.543713 0.012054 2 5.132865
0.595699 0.015385 2 9.685694
0.523714 0.005916 2 5.592468
0.583020 0.015401 2 8.824839
-1.122491 -0.063074 2 3.157415
0.556972 0.014180 2 7.737720
0.584742 0.017201 2 8.952790
0.597794 0.017423 2 9.813645
0.575075 0.007508 2 5.033431
0.548917 0.007915 2 7.090969
0.598830 0.014292 2 9.685694
0.533486 0.007031 2 7.090969
0.542771 0.010246 2 7.090969
0.589220 0.015139 2 8.824839
0.563081 0.015285 2 7.737720
0.547752 0.008142 2 7.090969
0.575656 0.022488 2 2.281839
-1.130062 -0.065866 2 4.027723
0.584976 0.016500 2 8.952790
0.596978 0.014612 2 9.685694
0.520582 0.010135 2 4.673395
0.598524 0.019757 2 6.011230
0.592010 0.015387 2 8.824839
0.491191 0.005309 2 1.040901
0.598604 0.022113 2 3.142694
0.542217 0.010541 2 5.132865
0.553406 0.006463 2 3.696991
0.528968 0.008124 2 5.841788
0.493544 0.007291 2 1.290222
0.531566 0.013629 2 5.967780
0.548480 0.009936 2 7.090969
0.567493 0.014317 2 7.737720
-1.143797 -0.065092 2 4.027723
0.517033 0.009049 2 4.673395
0.598140 0.015955 2 9.813645
0.598610 0.014369 2 9.685694
0.561953 0.019379 2 5.150375
0.529408 0.008220 2 5.841788
0.545560 0.009548 2 7.090969
0.545880 0.010415 2 7.090969
0.524070 0.007949 2 5.841788
0.540026 0.011399 2 5.132865
0.597784 0.015790 2 9.813645
0.596016 0.020179 2 6.011230
0.584666 0.008070 2 5.033431
0.576810 0.013888 2 3.910242
0.533529 0.010389 2 7.090969
-1.150662 -0.061442 2 2.932107
0.598142 0.005978 2 5.894285
0.568991 0.017863 2 4.063256
0.572890 0.015054 2 7.737720
0.582160 0.006409 2 4.784110
0.527264 0.006469 2 5.592468
0.587928 0.013368 2 3.910242
0.563862 0.006258 2 3.696991
0.572871 0.016891 2 7.865671
0.543555 0.027461 0 1.322138
0.547133 0.006243 2 6.841649
0.547460 0.010209 2 7.090969
0.515952 0.006733 2 5.592468
-1.199049 -0.067351 2 4.027723
-1.189052 -0.065095 2 4.027723
-1.183781 -0.061707 2 2.932107
0.599256 0.014307 2 9.685694
0.584665 0.019914 2 5.150375
0.535744 0.009037 2 7.090969
0.538833 0.013789 2 5.967780
0.586331 0.017505 2 5.150375
0.546399 0.008408 2 7.090969
0.590035 0.014282 2 8.824839
0.577007 0.016008 2 8.952790
0.583255 0.011148 2 3.075326
-1.112745 -0.066235 2 4.027723
0.583146 0.014360 2 8.824839
0.523436 0.009586 2 4.673395
-1.189052 -0.065941 2 4.027723
0.579013 0.011966 2 3.075326
0.553627 0.008653 2 3.946311
0.560529 0.015630 2 7.737720
-1.169072 -0.066193 2 4.027723
-1.084684 -0.065973 2 3.802415
0.548729 0.010743 2 5.132865
0.595447 0.018987 2 6.011230
0.558634 0.016299 2 7.865671
0.519726 0.005454 2 5.592468
0.596111 0.014920 2 9.685694
0.536268 0.013278 2 5.967780
0.535816 0.013283 2 5.967780
-1.166604 -0.062983 2 2.932107
-1.135991 -0.064796 2 4.027723
0.543141 0.012869 2 5.967780
0.548020 0.009983 2 7.090969
0.514988 0.007490 2 5.841788
0.575698 0.018000 2 5.150375
0.543673 0.010288 2 7.090969
0.556138 0.019103 2 4.063256
0.580956 0.008474 2 5.033431
0.570846 0.014724 2 7.737720
0.594353 0.019768 2 5.150375
0.583564 0.020921 2 5.150375
0.540008 0.007600 2 7.090969
0.533448 0.012158 2 5.132865
0.598425 0.006438 2 5.894285
0.542580 0.006465 2 6.841649
0.573922 0.017187 2 8.952790
0.574278 0.007590 2 5.033431
0.579077 0.019523 2 5.150375
0.568103 0.019967 2 5.150375
0.593851 0.020340 2 5.150375
0.598900 0.019954 2 6.011230
0.598428 0.020262 2 6.011230
0.555676 0.015914 2 7.865671
0.588649 0.007627 2 5.033431
0.545666 0.013545 2 5.967780
-1.119872 -0.065473 2 4.027723
0.588330 0.009698 2 5.033431
0.560265 0.014367 2 7.737720
0.523510 0.006302 2 5.592468
0.518972 0.007591 2 5.841788
0.517944 0.007282 2 5.841788
0.596794 0.019356 2 6.011230
0.575696 0.016208 2 8.952790
0.550512 0.019773 0 0.278309
0.542575 0.024539 0 1.322138
0.562853 0.016053 2 7.865671
0.563992 0.020549 2 5.150375
0.573980 0.015949 2 8.952790
0.588216 0.017257 2 8.952790
0.580992 0.009963 2 5.033431
0.561200 0.015159 2 7.737720
0.548321 0.009727 2 7.090969
0.593736 0.014163 2 8.824839
-1.166116 -0.063385 2 3.157415
0.561538 0.017795 2 4.063256
-1.151534 -0.063251 2 3.157415
0.567025 0.014781 2 7.737720
0.568672 0.015499 2 7.737720
0.569271 0.015908 2 7.865671
0.535374 0.009868 2 7.090969
0.563741 0.017333 2 7.865671
0.554826 0.015330 2 7.737720
0.588152 0.008561 2 5.033431
0.561593 0.013385 2 2.823123
0.571261 0.015550 2 7.737720
0.541890 0.013346 2 5.967780
0.596703 0.017091 2 9.813645
0.594709 0.009191 2 5.033431
0.593714 0.016091 2 8.952790
0.537782 0.012658 2 5.967780
0.595509 0.016067 2 9.813645
0.551979 0.009049 2 7.090969
0.556646 0.016740 2 7.865671
0.555777 0.020041 2 5.150375
0.564849 0.016801 2 7.865671
0.583162 0.018081 2 5.150375
0.559648 0.016451 2 7.865671
0.593135 0.014018 2 8.824839
0.565112 0.020334 2 5.150375
0.538545 0.009292 2 7.090969
0.596127 0.006308 2 5.894285
0.550125 0.009372 2 7.090969
0.535082 0.008129 2 7.090969
0.536161 0.013377 2 5.967780
0.577444 0.016581 2 8.952790
0.595018 0.016272 2 9.813645
0.596874 0.020621 2 6.011230
0.548510 0.009665 2 7.090969
0.531453 0.007082 2 7.090969
0.538549 0.009837 2 7.090969
-1.116302 -0.065469 2 4.027723
-1.126052 -0.063292 2 3.157415
0.531626 0.006501 2 6.841649
0.592653 0.010008 2 5.033431
0.596405 0.015949 2 9.813645
0.592648 0.015197 2 8.824839
0.573414 0.015891 2 7.865671
0.595305 0.008022 2 5.894285
0.568949 0.018128 2 4.063256
0.534020 0.012641 2 5.967780
0.537179 0.008751 2 7.090969
-1.173850 -0.065579 2 4.027723
0.565626 0.020258 2 5.150375
-1.089584 -0.065857 2 3.802415
0.515783 0.025251 0 1.054395
0.529995 0.006087 2 5.592468
0.571797 0.015669 2 7.737720
0.481277 0.037597 1 1.653204
0.511876 0.006405 2 5.592468
0.542126 0.005427 2 6.841649
0.551305 0.013325 2 5.967780
0.573065 0.016032 2 7.865671
0.534902 0.009658 2 7.090969
0.533685 0.006623 2 6.841649
0.579103 0.017442 2 8.952790
0.576330 0.015176 2 8.824839
0.544187 0.011727 2 5.132865
0.539384 0.012306 2 5.967780
0.570323 0.014328 2 7.737720
0.566356 0.020418 2 5.150375
0.532206 0.010155 2 7.090969
0.579333 0.018259 2 5.150375
0.557158 0.007886 2 3.946311
-1.179939 -0.065263 2 4.027723
0.587901 0.015371 2 8.824839
0.557307 0.020268 2 5.150375
0.585995 0.013665 2 3.910242
0.566835 0.016267 2 7.865671
0.541204 0.006288 2 6.841649
0.567217 0.014928 2 7.737720
0.544939 0.006979 2 6.841649
0.585135 0.015298 2 8.824839
0.575069 0.008337 2 5.033431
0.538348 0.011618 2 5.132865
0.580276 0.009173 2 5.033431
0.594806 0.014982 2 8.824839
0.549675 0.006143 2 6.841649
0.528239 0.012542 2 3.550206
0.533369 0.013078 2 5.967780
0.554124 0.014388 2 7.737720
0.582488 0.014501 2 8.824839
0.545777 0.012454 2 5.967780
0.545748 0.007737 2 7.090969
0.558738 0.018681 2 4.063256
0.599240 0.007433 2 5.894285
0.572972 0.014986 2 7.737720
0.519848 0.010059 2 4.673395
0.555626 0.010202 2 3.946311
0.596569 0.015590 2 9.685694
-1.144775 -0.065387 2 4.027723
0.471975 0.005336 2 1.676936
0.591683 0.016184 2 8.952790
0.566474 0.016836 2 7.865671
0.558391 0.020231 2 5.150375
0.588423 0.017367 2 8.952790
0.593234 0.018371 2 5.150375
0.575598 0.017013 2 8.952790
0.546093 0.007450 2 7.090969
0.542135 0.011858 2 5.132865
0.593088 0.008538 2 5.033431
0.599892 0.018113 2 6.011230
0.589216 0.014094 2 8.824839
0.590019 0.020662 2 5.150375
0.596345 0.014526 2 9.685694
0.555834 0.017336 2 7.865671
-1.180583 -0.064811 2 4.027723
0.592939 0.016901 2 8.952790
0.538742 0.008512 2 7.090969
0.570216 0.014602 2 7.737720
-1.140875 -0.061612 2 2.932107
0.540639 0.007718 2 7.090969
0.590380 0.018211 2 5.150375
0.597904 0.017537 2 6.011230
0.547287 0.008236 2 7.090969
0.541622 0.009354 2 7.090969
0.574817 0.016005 2 8.952790
-1.196718 -0.067394 2 4.027723
0.581286 0.010985 2 3.075326
0.541290 0.024748 0 1.322138
-1.199885 -0.066352 2 4.027723
0.545088 0.007007 2 7.090969
0.578115 0.014135 2 8.824839
0.583745 0.006490 2 4.784110
0.547544 0.011195 2 5.132865
0.532355 0.006516 2 6.841649
0.579874 0.010424 2 5.033431
0.582767 0.015479 2 8.824839
0.545524 0.010123 2 7.090969
0.570333 0.014573 2 7.737720
-1.099464 -0.065519 2 3.802415
0.556143 0.020335 2 5.150375
0.571208 0.019113 2 4.063256
0.532014 0.013406 2 5.967780
0.556346 0.016924 2 7.865671
-1.173606 -0.066031 2 4.027723
0.594839 0.016612 2 8.952790
0.593224 0.016975 2 8.952790
0.598145 0.012529 2 4.771097
0.538402 0.006469 2 6.841649
0.594295 0.016640 2 8.952790
0.576402 0.014084 2 8.824839
0.553523 0.015297 2 7.737720
0.537585 0.007877 2 7.090969
0.535075 0.011010 2 5.132865
0.531433 0.010307 2 7.090969
0.599838 0.015689 2 9.685694
0.579594 0.016047 2 8.952790
0.594617 0.006414 2 4.784110
0.551365 0.010453 2 7.090969
-1.127421 -0.063756 2 3.157415
0.599708 0.005439 2 5.894285
0.574470 0.008951 2 5.033431
0.540799 0.012857 2 5.967780
0.536020 0.010298 2 7.090969
0.567060 0.017073 2 7.865671
0.568729 0.016225 2 7.865671
0.588694 0.008892 2 5.033431
0.584370 0.012825 2 3.910242
0.533087 0.009640 2 7.090969
0.562703 0.022275 2 2.281839
0.525823 0.007513 2 5.841788
0.522507 0.006967 2 5.592468
0.549532 0.005597 2 6.841649
0.582492 0.009432 2 5.033431
0.558876 0.014889 2 7.737720
0.536560 0.006422 2 6.841649
0.573028 0.015775 2 7.865671
-1.139709 -0.064584 2 3.157415
0.579134 0.018912 2 5.150375
0.566109 0.007883 2 3.946311
0.559514 0.005267 2 3.696991
0.580646 0.006402 2 4.784110
0.593584 0.014564 2 8.824839
0.537352 0.006127 2 6.841649
-1.140322 -0.063613 2 3.157415
0.591872 0.017264 2 8.952790
-1.143127 -0.065404 2 4.027723
0.594903 0.015741 2 8.824839
0.598101 0.016758 2 9.813645
0.537101 0.007750 2 7.090969
-1.089267 -0.065244 2 3.802415
0.583503 0.015367 2 8.824839
0.597645 0.015636 2 9.685694
-1.148968 -0.065230 2 4.027723
-1.190265 -0.069960 2 3.255738
-1.197911 -0.065518 2 4.027723
0.546556 0.012316 2 5.967780
0.559050 0.019493 2 5.150375
0.512879 0.006874 2 5.592468
-1.129356 -0.062669 2 2.932107
0.572987 0.008572 2 3.946311
0.595295 0.017263 2 9.813645
0.597684 0.016997 2 9.813645
-1.130937 -0.066416 2 4.027723
0.564153 0.006591 2 3.696991
0.529654 0.006664 2 5.592468
0.542882 0.011348 2 5.132865
0.595473 0.020736 2 6.011230
0.532843 0.008474 2 7.090969
0.532602 0.005729 2 6.841649
0.598742 0.015787 2 9.813645
0.582427 0.006387 2 4.784110
-1.083936 -0.065692 2 3.802415
0.562551 0.015159 2 7.737720
0.570665 0.019862 2 5.150375
0.598935 0.010212 2 5.894285
0.524889 0.007320 2 5.841788
0.575857 0.019325 2 5.150375
0.595308 0.019358 2 6.011230
0.552929 0.017615 2 4.063256
-1.160785 -0.064814 2 4.027723
0.562218 0.014516 2 7.737720
0.558680 0.007768 2 3.946311
0.598465 0.015510 2 9.685694
0.566573 0.020192 2 5.150375
0.560591 0.015450 2 7.737720
0.536413 0.010447 2 7.090969
0.503163 0.007465 2 1.290222
0.520030 0.006727 2 5.592468
0.251960 -0.061445 0 0.000000
0.566449 0.020017 2 5.150375
0.569161 0.014333 2 7.737720
0.571386 0.010420 2 3.946311
-1.133815 -0.066039 2 4.027723
0.551837 0.005581 2 6.841649
-1.073407 -0.063165 2 2.932107
0.517197 0.013039 2 3.550206
0.547879 0.013415 2 5.967780
-1.084181 -0.065350 2 3.802415
0.553096 0.017655 2 4.063256
0.545103 0.009772 2 7.090969
0.539642 0.008650 2 7.090969
0.517521 0.006386 2 5.592468
0.586947 0.017137 2 8.952790
0.531630 0.024930 0 1.322138
0.586495 0.017058 2 8.952790
0.558920 0.018737 2 4.063256
0.599706 0.015679 2 9.685694
-1.181878 -0.066392 2 4.027723
0.599145 0.016414 2 9.813645
-1.190703 -0.062441 2 2.932107
-1.177686 -0.061904 2 2.932107
0.542447 0.009009 2 7.090969
0.558911 0.013343 2 2.823123
-1.085497 -0.064765 2 3.802415
0.537212 0.013500 2 5.967780
-1.144793 -0.064152 2 3.157415
0.538021 0.012864 2 5.967780
0.581314 0.018768 2 5.150375
0.571184 0.015853 2 7.865671
0.561199 0.016976 2 7.865671
0.533851 0.006744 2 6.841649
0.587508 0.014431 2 8.824839
0.539523 0.011801 2 5.132865
0.562115 0.014297 2 7.737720
0.549097 0.009275 2 7.090969
0.571927 0.016534 2 7.865671
0.560508 0.019092 2 4.063256
0.517373 0.005620 2 5.592468
0.552034 0.010062 2 7.090969
0.577677 0.015605 2 8.824839
0.541368 0.007150 2 7.090969
0.585154 0.013215 2 3.910242
0.578438 0.015367 2 8.824839
0.498001 0.019758 0 0.399114
0.557001 0.015157 2 7.737720
0.574909 0.016244 2 8.952790
-1.130372 -0.065847 2 4.027723
0.514120 0.007730 2 5.841788
0.592739 0.008278 2 5.033431
0.521286 0.008509 2 5.841788
0.560560 0.017984 2 4.063256
0.478319 -0.022455 2 0.710377
0.599854 0.005272 2 5.894285
0.544333 0.007686 2 7.090969
0.561614 0.019464 2 5.150375
-1.178123 -0.063934 2 3.157415
0.549805 0.013959 2 5.967780
0.531043 0.005457 2 5.592468
0.576821 0.014933 2 8.824839
0.545176 0.005820 2 6.841649
0.533287 0.009965 2 7.090969
0.541672 0.010420 2 7.090969
0.571438 0.016514 2 7.865671
0.534435 0.005608 2 6.841649
-1.190953 -0.069208 2 3.255738
0.595938 0.017287 2 9.813645
0.562597 0.019540 2 5.150375
0.542575 0.009984 2 7.090969
0.517924 0.007071 2 5.841788
0.573078 0.018496 2 4.063256
0.566425 0.017158 2 7.865671
0.578265 0.009937 2 5.033431
0.473454 0.006996 2 1.676936
0.578322 0.008242 2 5.033431
0.584986 0.006707 2 4.784110
0.599585 0.019149 2 6.011230
0.599354 0.006687 2 5.894285
0.552781 0.012922 2 2.823123
0.570272 0.014277 2 7.737720
0.552426 0.007776 2 7.090969
0.564599 0.022017 2 2.281839
0.545178 0.006837 2 6.841649
0.578946 0.007290 2 5.033431
0.541540 0.008715 2 7.090969
0.597850 0.005322 2 5.894285
0.519763 0.007167 2 5.841788
0.527943 0.007891 2 5.841788
0.590559 0.015017 2 8.824839
0.582727 0.014867 2 8.824839
0.592229 0.012965 2 3.910242
-1.064490 -0.065320 2 3.802415
0.595281 0.020623 2 6.011230
0.568489 0.015120 2 7.737720
0.594684 0.016779 2 8.952790
0.584611 0.014944 2 8.824839
0.531437 0.006776 2 6.841649
0.546006 0.009965 2 7.090969
0.596475 0.005991 2 5.894285
-1.119714 -0.061258 2 2.932107
0.524600 0.008388 2 5.841788
0.514794 0.009012 2 4.673395
0.552192 0.011503 2 5.132865
0.532651 0.012904 2 5.967780
0.533421 0.012910 2 5.967780
-1.093853 -0.063430 2 2.932107
0.568238 0.015359 2 7.737720
0.561883 0.014144 2 7.737720
0.594435 0.010524 2 3.075326
-1.112647 -0.065094 2 4.027723
0.593232 0.007079 2 5.033431
0.593166 0.015835 2 8.952790
0.573952 0.019791 2 5.150375
0.575171 0.008579 2 5.033431
-1.180673 -0.062987 2 2.932107
0.548727 0.012898 2 5.967780
0.564373 0.014430 2 7.737720
0.549340 0.005412 2 6.841649
-1.143790 -0.062060 2 2.932107
0.542786 0.010332 2 7.090969
0.548248 0.009113 2 7.090969
-1.195150 -0.067383 2 4.027723
0.574492 0.017065 2 8.952790
0.570834 0.016873 2 7.865671
0.597146 0.019769 2 6.011230
0.598692 0.015226 2 9.685694
-1.139172 -0.065182 2 4.027723
0.598631 0.019024 2 6.011230
0.590239 0.018404 2 5.150375
0.564078 0.008518 2 3.946311
-1.168680 -0.062556 2 2.932107
0.554741 0.016572 2 7.865671
0.567642 0.017313 2 7.865671
0.592110 0.015830 2 8.952790
0.556378 0.019316 2 5.150375
0.541903 0.011552 2 5.132865
0.587067 0.008229 2 5.033431
0.596568 0.006827 2 5.894285
0.516717 0.006811 2 5.592468
0.597918 0.015862 2 9.813645
-1.089206 -0.064850 2 3.802415
0.568623 0.015581 2 7.737720
0.555236 0.008454 2 3.946311
0.587402 0.014017 2 8.824839
0.524512 0.009127 2 4.673395
0.520653 0.008642 2 5.841788
0.583354 0.007130 2 5.033431
0.597897 0.009522 2 5.894285
-1.112109 -0.062846 2 2.932107
0.587589 0.016654 2 8.952790
0.587574 0.015042 2 8.824839
0.543007 0.008050 2 7.090969
0.535019 0.006714 2 6.841649
-1.067814 -0.063134 2 2.932107
0.547004 0.008026 2 7.090969
0.556049 0.009147 2 3.946311
0.523909 0.007958 2 5.841788
0.568230 0.014037 2 7.737720
-1.115527 -0.065558 2 4.027723
0.557316 0.016874 2 7.865671
0.596822 0.017339 2 9.813645
0.598130 0.016135 2 9.813645
0.556215 0.015999 2 7.865671
0.560264 0.016545 2 7.865671
0.546684 0.007504 2 7.090969
0.556490 0.016819 2 7.865671
0.573830 0.015319 2 8.824839
0.516648 0.010374 2 4.673395
0.593167 0.006983 2 4.784110
0.591255 0.015769 2 8.952790
