-0.032338 0.062105 2 -17.693785
-0.487851 -0.035465 1 -87.307808
0.037927 0.056877 2 -29.310871
0.079722 0.001183 0 -82.568077
0.538296 -0.045746 1 -22.428204
-0.570876 -0.062724 0 -35.726425
-0.759287 -0.036416 0 -78.990318
-0.429156 0.041383 0 -74.149010
-0.982330 -0.045893 0 -61.539761
0.474908 0.043638 1 -10.809403
-0.415532 -0.039377 1 -85.734352
-1.029313 -0.036815 0 -70.014221
-0.811586 -0.047818 0 -64.614204
-0.776667 -0.042821 0 -72.371788
-0.739356 0.046384 0 -45.852222
-0.029343 -0.037350 2 -55.882309
-0.841082 -0.019118 1 -81.020058
0.350674 -0.000364 1 -31.010757
-1.108237 0.009359 0 -52.877941
0.049508 -0.001329 1 -83.877831
-0.185646 -0.063780 1 -20.356901
-0.224200 0.019683 2 -101.587807
-0.873698 0.028017 1 -55.340855
0.255788 -0.032185 1 -14.262789
-0.924548 -0.023898 1 -62.310326
-0.674117 -0.017549 2 -104.185768
-1.027936 0.052974 0 -18.335396
0.387095 -0.034929 1 -29.485022
0.473647 0.000542 0 -10.047463
0.105093 0.031842 0 -29.727678
-0.211677 -0.010051 1 -97.002060
0.177467 -0.048595 1 -7.842646
0.031901 0.026540 0 -58.678253
-0.945702 0.032157 1 -45.556450
-0.591743 -0.010823 1 -124.432579
0.421419 0.017142 2 -16.619776
-0.609179 0.048354 1 -56.057163
-0.841935 -0.018955 1 -81.020058
-0.493832 0.052719 1 -47.723194
-0.241890 0.011420 1 -102.019463
0.397156 -0.003469 1 -20.247316
-0.152341 0.051238 0 -28.465666
0.163963 0.014260 0 -66.585312
-0.786799 0.068228 2 -22.614182
0.069406 0.020827 0 -66.248047
-0.778211 0.004667 1 -107.850716
-0.611861 0.006734 0 -120.730408
-0.106213 -0.015941 1 -89.915100
-0.302922 0.041973 0 -71.632011
0.164773 -0.063302 1 -15.791134
-0.823043 -0.065341 0 -26.718859
0.126172 -0.058775 1 -7.319694
-0.225215 0.011007 2 -101.639511
-0.303578 -0.019222 1 -92.204704
-0.066995 0.011391 1 -91.070145
-1.028184 0.036179 2 -32.196220
0.143732 0.054869 0 -24.100021
0.317129 0.014970 1 -32.285332
0.315987 -0.019256 1 -20.543261
-0.302612 -0.065064 1 -20.617167
-0.730021 0.038355 0 -65.715050
-0.206828 -0.033865 2 -78.735245
0.438628 -0.023490 1 -14.634187
-0.704413 0.021947 1 -104.793015
-0.886103 0.023615 1 -66.732468
0.231431 -0.006155 1 -58.127243
0.498610 -0.027281 1 -19.708494
-0.080982 0.060184 2 -16.549232
-0.603051 -0.029799 1 -80.308105
0.200980 0.043941 0 -15.801553
-0.396521 0.063685 1 -25.793011
0.212191 -0.016529 1 -51.454334
0.502680 0.024723 2 -22.403227
-0.758671 0.006378 1 -111.830742
0.467781 -0.037505 1 -22.693338
-0.637288 0.028298 0 -101.344345
0.076689 -0.030203 1 -46.270504
-0.223751 -0.030901 1 -80.082962
0.065754 0.061174 0 -29.308674
-0.302955 -0.047079 1 -63.401604
-0.015270 0.003524 0 -86.554726
0.218208 -0.009048 1 -61.550697
-1.160201 0.034616 2 -31.616808
0.142836 -0.068849 1 -9.835846
-0.308563 -0.029460 2 -82.593086
-0.746916 -0.004572 1 -116.961052
-0.442653 -0.030148 2 -91.235283
-0.217887 -0.063216 1 -25.760693
-0.946204 0.028120 1 -52.513077
-0.735562 -0.068413 0 -16.163733
-0.590648 0.045452 1 -62.594238
0.399053 0.020351 2 -15.812804
-0.073910 0.052064 0 -22.287167
-0.013168 0.047497 0 -31.628361
0.246382 0.009494 1 -53.728996
0.431539 -0.067534 2 -23.357014
-1.175041 -0.058360 1 -19.506512
-0.135096 0.012975 1 -94.727989
-0.630940 -0.041049 2 -70.956314
0.102051 0.002724 0 -79.812424
-0.239047 -0.013973 1 -98.009125
-0.865580 -0.023078 1 -62.507660
0.335679 0.019037 1 -24.029882
0.030024 -0.036277 1 -47.804825
-0.638246 0.065101 1 -11.021609
0.068326 -0.054478 1 -10.753243
-0.163091 0.020524 2 -94.060333
-0.915083 0.009770 0 -81.086182
0.041607 0.013634 0 -83.521118
-1.068160 0.003281 0 -64.367493
-0.830944 -0.058097 0 -39.967747
-0.007556 0.054336 0 -23.263796
-0.622169 0.043729 1 -62.622375
-1.188606 0.037443 2 -17.251663
-0.549116 -0.067968 0 -29.432951
-0.978720 -0.000455 0 -77.974045
-1.059448 0.061841 0 -22.896227
0.023275 -0.065988 1 -10.985206
-0.801594 -0.012448 1 -100.574112
-0.253333 0.050989 0 -33.747314
-0.276076 -0.000187 1 -100.666878
-0.221568 0.032797 1 -88.428955
-0.874059 -0.028392 0 -57.787315
-1.046404 -0.003956 0 -68.317650
0.221543 0.067347 2 -9.803474
-1.169378 0.067233 2 -20.141487
-0.555429 0.023839 0 -111.790779
-0.954291 0.018069 0 -62.174007
0.114195 -0.014944 1 -74.517029
-1.053387 0.029731 1 -36.276546
-0.974993 -0.020340 0 -59.891811
-0.869035 -0.053399 1 -49.801792
0.304851 0.002710 1 -40.827667
0.463444 0.051203 1 -12.401924
0.118328 0.057147 0 -24.052116
0.098673 -0.013834 1 -82.858444
-0.057396 -0.032247 1 -69.762039
-1.032701 0.034725 2 -32.265118
-1.160032 -0.014336 2 -54.097473
0.180616 -0.015034 1 -59.287315
-1.012743 -0.052554 0 -34.969715
-0.608083 0.022196 0 -113.650574
-0.694069 -0.051839 2 -65.285187
-0.367940 0.066011 1 -29.411667
-1.021725 0.050608 2 -11.402764
0.048002 0.008592 0 -86.678833
-0.729612 -0.049598 2 -67.446411
-0.023299 -0.036398 1 -60.640530
-0.702172 0.008882 1 -116.442322
-0.664861 0.008732 1 -115.379555
-1.104490 -0.007931 0 -60.151009
0.233362 0.056898 1 -2.726877
-0.768816 0.015764 1 -102.696663
-1.061313 -0.069878 2 -13.853011
0.020541 -0.003115 0 -85.835617
0.394071 -0.041305 1 -33.816826
0.450594 -0.050228 1 -21.275738
-0.716874 -0.065358 2 -25.718044
0.468178 -0.004217 2 -16.407333
0.582771 -0.013033 1 -18.173754
-1.089634 0.069693 1 -16.407436
-0.246851 -0.007368 1 -98.044991
0.318252 0.013354 1 -35.481670
-0.826103 0.007862 0 -104.386841
-0.769975 0.055049 2 -34.622803
0.100385 -0.023033 1 -61.119381
-0.661889 0.027627 1 -98.822731
-0.600926 -0.056763 2 -54.965481
0.013969 0.027055 0 -64.507034
-1.031937 0.004826 0 -58.387756
0.485730 0.044988 1 -11.446433
-0.254314 0.003769 1 -105.115295
-0.887857 0.006428 1 -84.469566
-0.929790 0.069008 0 -28.608997
-0.655368 -0.048717 2 -70.455597
0.033290 -0.063141 1 -10.985206
0.440134 0.035812 0 -19.507296
0.571519 -0.012704 1 -18.751324
0.421759 0.069066 2 -2.644052
-0.619525 -0.053215 1 -60.082054
0.482101 -0.013563 1 -18.956474
-0.137280 -0.052917 2 -39.942867
-0.175216 0.006266 1 -96.079041
0.577838 -0.053884 0 -6.815816
0.001922 0.051731 2 -24.866068
-0.143053 0.056567 0 -17.168095
-0.829465 0.048837 0 -29.398849
-1.125301 -0.016057 0 -56.806835
-0.464401 0.049493 1 -48.793907
-0.512938 -0.034055 1 -87.647415
0.142890 -0.034241 1 -26.581587
-0.549167 0.015409 1 -118.196739
-0.790118 -0.039687 0 -78.574318
-0.951065 0.061784 0 -16.864399
-0.157371 -0.066300 1 -16.389309
-1.190967 -0.052104 1 -23.008204
-0.112315 -0.066708 0 -11.937620
-0.289888 -0.057675 1 -39.601933
0.313383 -0.025715 0 -13.279086
-0.125443 -0.016400 1 -88.715935
-0.121537 0.019449 0 -92.500534
0.005232 0.069492 0 -20.932247
-1.071409 0.030741 2 -32.477287
-0.844705 -0.004886 1 -101.019737
0.350194 0.009811 1 -32.347458
-0.497422 0.005716 1 -124.676399
0.459507 0.034464 2 -20.583508
0.301373 -0.006345 1 -38.699295
-0.144138 -0.001172 1 -89.124596
-0.421470 0.030383 0 -104.970154
-0.688497 -0.013301 1 -112.627831
-0.057952 -0.027168 1 -78.892319
0.206684 -0.045594 1 -9.086102
-0.490534 -0.007875 1 -127.704048
-0.347994 0.031401 1 -103.538582
0.239592 0.006289 1 -59.167053
-0.084612 0.067710 2 -17.667734
-0.803266 0.008802 0 -107.537025
-0.816451 0.047062 0 -36.399876
-0.949741 -0.067364 0 -8.987885
-0.331107 0.060430 1 -24.835083
-0.620038 -0.036591 0 -74.177231
-0.182085 0.013935 1 -94.156410
0.295716 -0.002558 1 -44.803078
-1.065582 -0.000037 0 -66.387650
0.068130 0.019586 0 -66.248047
0.215858 0.008650 1 -54.263145
0.295554 0.053809 2 -2.787274
0.013123 -0.019836 1 -76.536858
-0.742543 -0.007317 1 -118.823135
0.032314 -0.064236 1 -10.985206
-0.473216 -0.033804 1 -90.563515
0.536006 -0.058669 2 -12.884686
0.391822 0.032209 0 -20.027582
-0.540008 -0.063635 0 -39.839249
-0.720671 -0.020768 2 -97.227531
0.336927 -0.012170 1 -27.158777
-0.005461 -0.054942 2 -15.917839
-1.082951 0.016980 0 -65.092674
0.437597 -0.061262 2 -12.181241
0.482099 0.069707 2 -8.503753
0.079489 -0.004298 1 -80.728539
-1.045237 -0.057974 0 -15.992491
-1.139990 -0.037516 0 -58.259926
-0.880256 0.001666 0 -90.037056
-0.625311 -0.043584 2 -70.191376
0.428712 0.017205 2 -14.956804
-0.070726 -0.057100 2 -23.264414
-0.193492 -0.063406 1 -22.817022
-0.266300 -0.001824 1 -100.454254
-0.038500 0.024175 0 -87.204384
-0.659522 0.063212 2 -12.431602
-0.546700 0.051237 1 -50.874184
0.396880 -0.067744 0 -17.477625
0.560389 0.042543 1 -12.050273
0.097610 0.019079 0 -68.116905
-0.125820 0.032930 1 -79.398949
-1.041232 0.064428 0 -22.131098
0.021470 0.009671 1 -84.495567
-0.206722 0.052776 0 -27.609484
0.414959 -0.063257 2 -23.357014
0.127584 -0.009491 1 -75.210472
0.542274 -0.039569 1 -25.831278
-0.760589 -0.027857 2 -79.785706
0.486152 -0.046445 1 -21.275738
0.381324 0.053171 2 -5.758815
-0.104617 0.018453 0 -91.791733
-0.634673 0.025066 0 -110.272827
-0.600292 -0.047411 2 -73.409485
-0.389510 0.051242 1 -43.806438
-0.126530 0.045848 0 -33.583958
0.230502 0.059199 1 -9.487633
-0.946023 -0.056104 0 -31.034607
-1.133755 -0.027092 2 -65.989746
0.595197 0.068693 0 -11.795852
-0.719294 0.013455 1 -113.046822
-0.408403 0.065569 0 -21.917967
-0.092322 -0.015256 1 -92.942085
-0.612837 -0.033572 0 -76.949760
-0.578074 -0.013732 1 -120.386978
-0.108621 -0.025533 1 -85.962204
0.203985 0.031040 0 -21.857920
-0.473798 0.008889 1 -120.250404
-0.840098 -0.002970 0 -100.936302
-0.844735 0.037328 0 -49.887058
-0.287071 -0.007457 1 -95.770920
0.191183 0.023637 0 -34.405399
0.071728 0.043926 0 -16.708948
-0.536948 0.067505 1 -11.104646
-0.783116 0.060527 2 -24.343529
0.076308 0.009312 0 -83.929169
0.439133 -0.030299 2 -19.866024
0.071305 -0.047257 1 -18.407892
-0.715631 -0.029197 0 -79.799721
-0.679334 0.011343 1 -115.860603
-0.108915 -0.039336 2 -71.983810
-0.476973 0.069657 0 -7.623454
0.568766 -0.061641 2 -8.655067
0.120506 0.045915 0 -12.371104
-0.791770 -0.043748 0 -72.407127
0.269575 -0.049097 0 -8.153958
-0.719414 0.052768 1 -29.350491
-0.061903 0.051153 0 -20.626957
0.537180 0.068290 2 -8.503753
-0.357764 0.023050 1 -108.338303
0.221104 -0.007403 1 -64.419983
0.308053 -0.034742 1 -9.704196
-0.349578 -0.042798 2 -74.429840
-0.121227 0.009517 1 -91.696754
-0.336145 0.040602 0 -72.546005
-0.570940 -0.027942 1 -93.615234
-0.079014 -0.042639 2 -50.108662
-0.970146 0.049881 2 -18.057083
0.144838 -0.060657 2 -8.937016
-0.859855 -0.030860 1 -59.549995
-1.033184 0.027512 1 -49.587852
0.141319 -0.015081 1 -71.198860
0.220458 -0.024016 0 -36.024078
0.234845 0.048820 0 -12.412088
0.019620 0.017465 0 -87.955856
0.522069 -0.015594 2 -23.995668
-0.020309 0.018469 0 -87.330399
-1.162090 0.052090 1 -1.953788
0.118281 -0.006746 1 -75.105179
-0.881541 0.043569 0 -33.585979
-0.154454 -0.023741 1 -86.574448
-1.161440 0.028212 2 -27.376881
-1.047935 -0.045165 0 -59.427887
-0.600577 0.068338 2 -3.522552
-0.019665 -0.029955 0 -63.606239
-0.354200 -0.058341 2 -45.368351
0.466705 0.061846 2 -8.503753
0.582539 0.022754 2 -12.886852
-1.101562 0.042026 2 -14.167747
-0.579253 0.017184 1 -118.313820
0.047224 -0.019324 1 -78.747086
-1.062559 0.053785 0 -8.403344
0.049966 -0.032793 1 -50.812439
0.335186 -0.064385 2 -12.463190
-0.259069 0.033038 1 -95.332649
-0.613563 0.066624 2 -5.995197
0.587397 -0.046852 2 -8.654919
-0.878638 -0.020683 1 -69.877937
-0.538972 0.024972 0 -112.908844
0.578858 -0.062564 0 -10.717232
0.051674 0.007328 0 -86.678833
0.518749 -0.062003 2 -8.655067
0.296903 -0.054061 1 -5.955287
-1.047313 0.027561 1 -45.895279
0.507854 -0.045439 1 -31.126299
0.532519 -0.050430 1 -22.428204
0.561167 -0.005882 1 -21.871519
-0.280500 0.001646 1 -102.372795
-0.501207 0.061202 0 -25.900457
-0.957695 0.001640 0 -74.171478
-1.144239 -0.030150 2 -59.808262
-0.406009 0.004053 1 -118.857185
-0.760852 0.035451 0 -67.355820
-0.611719 -0.063728 0 -37.095703
0.239954 0.069916 2 -10.130249
0.538387 0.042987 1 -11.918698
-0.410162 0.002562 1 -121.157417
-1.154523 -0.068467 1 -25.259262
-0.187560 0.035974 0 -75.627510
0.509855 0.043608 1 -16.644348
0.466407 -0.022796 1 -13.073833
-0.855037 -0.049195 0 -60.771248
-0.107696 0.028530 0 -85.527275
-1.101686 -0.011838 0 -60.045155
-0.011951 0.050751 0 -27.856441
0.530810 0.025231 2 -22.773695
-0.726121 0.002617 0 -113.906464
-0.992094 -0.037395 0 -72.232330
-1.074911 -0.069143 1 -13.450646
-0.595275 -0.063287 0 -37.095703
0.031719 0.046739 0 -18.116680
0.432242 0.053261 2 -15.287358
-0.747342 -0.063253 1 -30.103979
-0.927062 -0.022071 1 -63.539623
-0.844356 -0.022146 1 -71.844185
0.172255 0.005195 0 -71.659592
-0.092658 -0.053505 2 -44.094116
-0.110393 0.063575 0 -11.327791
-1.136120 -0.062524 0 -5.379521
-0.262103 -0.023610 1 -86.385422
-0.996608 0.025161 1 -52.101341
0.275201 0.006941 1 -54.501099
-0.295926 0.013856 1 -104.426430
-0.865312 0.041558 0 -38.732147
-0.314183 0.066602 2 -27.347561
0.328257 0.069530 2 -10.130249
0.237229 -0.010741 1 -52.535938
-0.254133 0.060573 1 -20.184555
-1.191455 0.048639 1 -10.172676
-0.234383 -0.069810 0 -20.505344
-0.935468 -0.059010 0 -25.526890
0.139637 -0.023408 1 -52.877426
-0.908916 -0.003656 0 -84.599518
-0.257540 0.045636 0 -49.481380
-0.816242 0.009935 0 -105.960876
-0.383836 -0.043549 2 -79.915207
0.205466 -0.062365 1 -11.530500
-0.280786 -0.000418 1 -99.708481
-0.522484 -0.069354 0 -25.651329
-0.327817 -0.002544 1 -106.817429
-0.878741 -0.039144 0 -68.136482
-0.073084 -0.018169 1 -87.267097
-0.568095 -0.023551 1 -96.552986
0.267508 -0.064347 2 -12.463190
0.247945 0.030392 0 -16.240240
0.057126 0.052371 2 -22.480639
0.592430 0.043820 1 -16.491161
-0.391178 -0.056230 2 -56.185314
-0.179298 0.020539 2 -93.701797
0.515302 0.018359 1 -9.230742
0.457952 -0.018824 1 -14.045010
-0.571849 0.063403 0 -20.012814
-1.096903 -0.035524 0 -63.206173
0.258528 0.033097 0 -32.448494
-0.494303 -0.058107 2 -56.378948
0.004931 -0.033375 1 -55.360863
-0.848065 -0.000736 1 -101.169868
-0.541986 -0.025199 1 -99.527954
0.336585 -0.044591 1 -10.226797
-0.474535 -0.067508 0 -28.319040
-0.096335 0.038219 0 -61.220142
-0.989511 -0.048253 0 -59.363514
0.304487 0.024325 0 -16.546776
0.503601 0.026894 2 -21.316685
0.234493 -0.003750 1 -54.973839
0.111473 0.003612 0 -79.097801
-0.866735 0.020395 1 -76.802307
-1.086410 -0.056611 0 -15.831507
-1.176430 0.013115 0 -43.495716
-0.259594 0.050945 0 -35.038761
0.013463 0.035810 0 -47.576595
-0.773298 0.034947 0 -67.179207
0.387789 -0.031656 2 -20.219969
-1.010634 -0.061933 0 -18.694433
-0.450807 -0.002493 1 -121.550987
0.162624 0.062012 0 -26.105022
0.445561 -0.009017 2 -18.168709
0.173694 0.051451 2 -15.568098
-1.029147 -0.027522 2 -60.892330
-0.262061 0.005159 1 -103.799622
-0.823944 0.015036 1 -96.708046
0.134249 0.034422 0 -32.291080
-0.917511 -0.068843 0 -8.696507
-0.284492 -0.014828 1 -92.228127
-0.207145 0.025096 1 -95.825806
0.456204 0.034862 2 -20.583508
0.115740 0.065231 0 -16.045244
-0.764067 0.016962 0 -107.917458
-0.979824 -0.037663 0 -72.232330
-0.404486 0.062473 0 -27.560450
0.164341 0.056551 0 -23.039751
-0.108943 0.048456 0 -30.627434
-0.092313 0.063248 2 -15.461421
-0.895689 0.046230 2 -27.920208
0.163577 0.031431 0 -25.970543
-0.912396 -0.025501 1 -62.477295
-0.179735 -0.058033 1 -20.962704
0.078613 0.012748 0 -77.399147
0.015894 0.051877 2 -24.866068
-0.641040 0.058927 1 -30.756840
-1.171219 -0.066308 1 -11.416569
-0.590281 0.008386 1 -118.892563
-0.467245 -0.058348 2 -55.430531
0.596259 -0.062932 0 -10.717232
0.567566 0.040844 1 -4.404711
-0.643356 0.067346 1 -9.177290
-0.553236 0.047082 1 -58.166813
-1.006014 -0.063978 0 -12.951859
-0.068458 0.022162 0 -90.029823
-0.285661 0.006667 1 -103.328354
0.004103 -0.058732 2 -11.420519
-0.644476 -0.036551 0 -76.529175
-0.015416 0.009616 1 -87.366180
-0.506348 0.009239 1 -120.406166
-1.005547 0.054120 0 -17.863571
0.000917 0.006988 1 -85.453568
-0.038731 -0.068500 0 -21.030149
-0.339395 0.015310 1 -105.149269
-0.309848 -0.004116 1 -101.300812
-0.448087 -0.033894 1 -94.166924
0.470576 -0.069585 2 -19.830841
-1.086430 0.038820 2 -20.330217
-0.630951 0.064940 2 -7.588136
0.279694 -0.063082 2 -12.463190
-0.726520 0.062818 2 -21.473064
0.349547 0.037189 0 -20.752756
-0.880009 0.057785 2 -23.049459
0.133422 -0.013730 1 -74.534203
-0.286753 -0.014335 1 -92.228127
-0.471811 0.014385 1 -113.938766
-0.029232 -0.063467 2 -15.018950
0.065854 -0.007275 1 -86.015755
0.382503 -0.062719 0 -8.077383
-0.636557 0.060207 2 -20.619032
0.498790 -0.058239 1 -10.742874
