-0.153171 -0.009802 2 -85.255867 
-0.751826 0.062240 0 -9.636646 
-0.226963 -0.017470 0 -81.695457 
-0.607686 0.051843 2 -25.161098 
-0.282708 -0.005636 0 -78.120934 
-0.489753 0.041459 0 -69.928085 
-0.352139 0.065366 1 -22.969479 
0.036737 -0.012483 0 -73.346390 
0.189528 0.004404 2 -56.587173 
0.496484 -0.055985 2 -3.520876 
-0.988389 -0.002067 2 -40.882931 
-1.066820 -0.037983 1 -54.631119 
-0.307812 -0.006120 0 -80.732040 
-0.566197 -0.015631 2 -115.701149 
-0.412892 0.068154 1 -14.781816 
-0.488416 0.003374 2 -108.966278 
-0.997047 0.038685 2 -26.769745 
-0.174983 0.026312 0 -88.713547 
-0.486632 0.023178 0 -108.784225 
-1.110040 -0.022930 1 -59.899914 
-0.850007 -0.068464 2 -5.585870 
0.485501 0.066530 0 0.000000 
-1.110407 0.005858 2 -40.420937 
-0.711089 0.056645 1 -21.842175 
0.096499 0.001976 2 -68.945503 
0.431494 -0.057134 2 0.000000 
-0.828724 -0.020585 0 -67.100235 
-0.697946 0.006570 1 -114.207680 
0.014282 -0.048337 0 -18.380011 
0.565307 -0.017274 1 -18.173754 
-0.639672 0.056034 2 -27.379627 
-0.409452 -0.007739 0 -86.026718 
-1.156879 0.049231 0 -1.049490 
-1.037170 -0.010744 0 -65.574173 
-0.246182 0.017946 2 -100.953613 
0.527363 -0.063289 1 -16.857113 
-1.156540 0.015443 2 -31.770830 
-0.107779 0.066107 2 -9.081016 
-1.190227 -0.017326 2 -49.819603 
0.454980 0.026086 0 0.139079 
0.151158 -0.029992 2 -21.832119 
0.405586 -0.069625 1 -16.857113 
-1.099544 0.026993 1 -37.238113 
-0.051781 -0.040916 0 -48.769070 
0.143771 0.035002 1 -19.892775 
0.106931 0.049925 1 -8.848260 
0.324750 0.067952 1 -2.614264 
-0.939174 0.020809 2 -34.397255 
0.062507 0.035637 1 -29.652790 
-0.429994 0.004526 2 -104.934868 
0.464534 0.040989 1 -5.976691 
0.204000 -0.047329 0 -2.892122 
-0.898273 -0.066902 2 -7.040389 
-0.995121 0.003220 1 -65.160210 
-0.078786 -0.068129 2 -6.012966 
0.519903 0.065015 0 0.000000 
-0.380753 0.019944 2 -105.049576 
0.561784 0.052188 0 -3.526174 
0.438480 0.069904 0 -0.640618 
0.094159 -0.059946 1 -1.609758 
-0.697688 -0.045152 2 -69.406738 
-0.838226 0.001784 1 -98.002296 
-0.169347 0.060915 0 -17.493170 
-0.103947 -0.004757 2 -83.048988 
-0.351608 -0.023233 1 -86.580231 
0.375835 0.014988 0 -10.095390 
-0.035995 0.058825 1 -8.011031 
0.447134 -0.040997 2 -23.191462 
-1.038263 0.066317 1 -8.217843 
0.188719 0.041829 2 -2.309213 
0.332800 -0.007639 2 -30.679018 
0.558203 -0.032333 2 -14.270393 
-1.111282 0.036681 1 -11.553568 
-0.489523 0.068799 1 -4.125078 
-0.032863 -0.012049 0 -85.699242 
0.173075 -0.062403 0 0.000000 
-0.916291 -0.024252 0 -59.466873 
-0.189953 0.038221 1 -68.234573 
0.308640 -0.046358 1 -4.931778 
0.411178 0.005163 0 -15.274995 
-0.883090 -0.037049 1 -61.170818 
-0.744235 0.023111 2 -56.001331 
-0.509002 0.003590 0 -115.662987 
-0.339119 0.048954 1 -46.031109 
0.452736 0.033500 0 -18.802160 
-1.153710 0.061503 0 -6.754552 
-0.164503 -0.051077 2 -36.561886 
0.306531 -0.066093 1 -11.530500 
-0.290825 0.022568 2 -96.838531 
-0.289357 0.002490 2 -102.847771 
0.059233 0.050648 1 -11.245161 
-1.193604 0.055945 0 -1.639839 
0.133998 0.032667 1 -24.593054 
0.379803 -0.029873 2 -10.570314 
0.591792 0.034900 0 -0.557230 
-0.820437 0.040973 2 -20.363338 
-0.171112 -0.007603 2 -88.400749 
-0.704460 0.024625 0 -93.785080 
-0.126140 0.017937 2 -87.058716 
-0.720372 0.015206 0 -112.515678 
0.311114 0.026972 2 -7.437045 
-0.259266 -0.032119 1 -78.856728 
0.498869 0.057697 0 0.000000 
-0.859843 -0.049480 1 -57.014690 
-0.814737 -0.067976 2 -14.355872 
-0.280514 -0.044376 0 -68.105675 
-0.633293 0.066444 1 -5.717731 
-0.686801 -0.055421 2 -58.340660 
0.161372 -0.033863 0 -23.119234 
-0.149411 0.020939 1 -93.699280 
-0.294871 0.068557 0 -13.392433 
-0.156385 -0.020693 2 -85.198067 
-0.891373 0.040747 0 -35.078300 
-0.838727 0.027935 2 -30.943535 
0.545412 -0.014250 1 -14.853087 
-0.192158 0.064655 1 -19.621090 
-1.193256 0.002925 2 -38.538872 
0.136802 -0.069692 2 -8.937016 
0.313019 -0.005619 2 -36.512398 
-1.154358 -0.030811 0 -52.793476 
0.582299 0.032742 1 -0.955617 
0.154137 0.050029 0 -17.465626 
-0.218421 -0.030858 0 -77.463081 
0.192668 -0.062719 0 0.000000 
-0.851700 -0.047843 1 -58.960266 
-0.733189 0.066787 1 -18.811939 
0.455304 0.058500 1 -8.120927 
-0.218574 0.028821 0 -92.621429 
-0.461229 -0.013870 0 -87.733513 
-0.812707 -0.064194 1 -25.180315 
0.248218 0.041912 2 -8.162062 
-0.411088 0.013999 2 -103.376907 
-0.273434 0.061486 0 -16.358517 
-0.930937 -0.059127 1 -25.987377 
-0.976957 0.028713 2 -28.169916 
0.246985 -0.004286 0 -51.586235 
-0.812677 0.062959 1 -14.153282 
-1.106261 -0.015446 1 -54.871754 
0.080166 -0.004826 0 -79.816856 
-0.003903 0.055015 1 -10.537445 
0.416144 -0.010829 0 -9.864002 
-1.151177 -0.036604 2 -58.762863 
-0.611139 -0.032523 1 -77.344505 
0.333158 0.042313 2 -19.380489 
-1.138338 0.022274 1 -33.943840 
-0.937574 -0.027949 2 -52.318417 
0.067064 0.054489 1 -7.236437 
-1.004542 0.065691 2 -3.974398 
-1.180031 -0.048362 1 -35.964790 
-0.341021 -0.056220 0 -38.813095 
0.458150 0.060305 0 0.000000 
0.167248 -0.041829 1 -12.583168 
-1.020398 0.028328 0 -37.395870 
0.345769 -0.025145 2 -6.184480 
-0.116022 -0.005439 0 -87.906654 
-0.577164 -0.008662 0 -106.830856 
-0.694998 -0.007435 2 -113.435051 
-0.183238 -0.013775 2 -86.002548 
-1.077883 0.028754 2 -28.774523 
-1.102191 0.039936 0 -12.261522 
0.483042 -0.051456 2 -3.520876 
-0.463554 -0.049159 0 -62.525116 
-0.007513 0.043947 2 -1.583643 
-0.849164 0.012689 2 -54.664772 
-0.611097 0.051181 0 -40.114128 
-0.976902 -0.039119 1 -63.758183 
-0.897997 -0.021536 2 -52.140163 
-0.424270 0.013525 0 -103.505615 
0.569844 -0.043584 0 -8.142158 
-0.151521 -0.038657 2 -69.386307 
-0.091549 0.032586 1 -74.688980 
-0.950654 0.057382 1 -2.675391 
-0.715200 0.002443 0 -113.085518 
-0.840708 -0.020101 0 -65.361008 
-0.887833 0.043181 1 -31.931419 
-0.678896 0.001965 1 -116.245186 
-0.564446 -0.033221 0 -81.763794 
-0.096245 0.033280 2 -37.950253 
-0.877193 0.063295 2 -14.703421 
-0.314924 -0.040739 0 -69.330841 
0.323470 -0.053058 2 0.000000 
0.394031 -0.065381 1 -16.984472 
-0.151869 -0.052283 1 -40.413864 
-0.552465 0.011732 0 -115.311195 
0.048928 -0.050533 0 -12.091869 
0.163470 -0.054806 0 -0.902696 
-1.134003 0.003091 1 -54.099174 
-1.198906 0.011686 0 -42.060795 
-0.016595 -0.006182 2 -80.586609 
-1.051430 0.050830 2 -7.260197 
0.234654 0.015752 0 -37.626335 
-0.535737 0.041229 2 -31.898735 
0.431773 0.000544 1 -13.495130 
0.467262 -0.036224 2 -19.670586 
-0.423922 -0.006634 0 -90.676872 
-0.404441 -0.060924 1 -43.175846 
-0.838657 -0.052617 1 -53.032906 
-0.304075 0.062900 0 -17.095776 
-0.175678 -0.029100 1 -79.037384 
-0.278907 0.012666 2 -101.749252 
-0.622129 0.034850 0 -83.338112 
-0.958697 0.012431 1 -57.390930 
0.262710 -0.066647 0 -8.077383 
-0.980275 0.055230 1 -1.073899 
-0.324225 -0.059030 1 -42.056458 
0.209789 -0.037202 1 -10.351478 
0.462737 -0.013221 0 -9.339796 
0.469433 -0.060062 2 -8.655067 
-0.636857 0.032126 0 -89.220421 
-0.976235 -0.036847 2 -61.697548 
-1.173411 0.057141 1 -1.953788 
0.462780 -0.026371 0 -16.293932 
-0.853346 -0.007292 0 -85.495186 
-0.277289 0.005353 0 -83.599068 
-0.361655 -0.060219 0 -35.546799 
0.070079 -0.051459 2 -9.071329 
-0.144389 -0.035894 2 -70.117905 
-1.074168 -0.017303 1 -54.618237 
0.270744 -0.044115 2 -0.496242 
-0.199986 -0.007778 0 -86.548279 
-0.684478 -0.023921 0 -77.846245 
0.005844 -0.009469 2 -78.228249 
-1.125773 0.010548 2 -38.172581 
-0.378604 0.017687 0 -97.024628 
0.394153 -0.004067 2 -18.879244 
-1.037422 -0.021652 2 -49.458107 
0.006732 0.013330 2 -67.596634 
-0.982025 0.065163 1 -8.217843 
-0.297337 -0.032237 0 -76.318291 
-0.220533 0.026310 2 -86.357857 
-0.878759 -0.026423 0 -52.821182 
0.478375 -0.039598 2 -23.191462 
0.576158 0.027987 0 -0.126000 
0.083761 -0.069351 2 0.000000 
-0.082332 -0.031222 2 -69.729271 
-0.779534 -0.034951 2 -66.436348 
-0.162611 -0.021752 2 -86.811722 
-0.618842 0.049851 2 -27.969473 
0.506372 -0.006495 1 -9.351060 
-1.127939 0.016628 1 -45.587044 
-0.321724 -0.029260 0 -73.641159 
-0.099126 0.046645 2 -11.004721 
-1.002864 0.046045 0 -7.737436 
0.046754 -0.041124 2 -28.457527 
-1.156095 0.060800 0 -0.765129 
0.512656 0.026784 0 -3.125393 
-0.613156 0.036350 2 -44.312668 
0.319469 0.028381 1 -9.308302 
0.120453 -0.015196 0 -67.183151 
-0.928846 0.038004 2 -24.843708 
-0.035203 -0.048611 0 -25.791048 
-0.952044 0.013036 1 -62.029377 
0.474236 0.005681 0 -8.485893 
-0.698579 0.058145 0 -17.352119 
-0.157973 0.028388 0 -89.628868 
-0.279250 -0.013367 0 -76.766945 
0.592431 0.041018 0 -0.311074 
-0.402975 0.017594 2 -105.477646 
-0.259892 -0.010676 0 -80.119835 
-0.551224 -0.019049 2 -105.023720 
-0.675506 -0.042590 0 -68.584297 
-0.894172 -0.002442 2 -51.262157 
-0.796560 0.035889 2 -21.193855 
-0.305052 0.067408 1 -21.535313 
-0.005480 0.016944 2 -57.489746 
0.498990 -0.067643 1 -16.857113 
-0.384952 0.023607 0 -104.075302 
-0.092108 0.009076 0 -86.828270 
-0.086958 -0.063049 1 -11.538790 
-0.787751 0.030571 1 -62.816261 
-1.177781 -0.051124 0 -21.939217 
0.226921 -0.017015 2 -44.440384 
0.240418 -0.008446 2 -56.133163 
0.273331 -0.053443 2 -0.496242 
0.272566 0.065769 0 -0.640618 
-0.504218 0.011257 2 -104.059235 
-0.540848 -0.011455 2 -124.153107 
0.088985 -0.041695 0 -21.337860 
-0.977908 -0.015369 2 -46.050072 
-0.643976 -0.009958 2 -118.690140 
0.259252 -0.014376 2 -33.908157 
-0.774815 -0.017984 0 -71.832352 
-0.332685 0.039712 2 -44.001720 
0.312981 0.032547 2 -13.694594 
-0.362538 0.027493 0 -102.094635 
-0.350231 0.001408 2 -107.737526 
-1.005844 -0.018183 2 -46.322636 
0.156751 -0.010254 2 -68.654755 
0.239819 0.005971 2 -34.982525 
0.068900 0.036974 1 -24.341728 
0.358696 0.008283 2 -13.639061 
0.264995 -0.029860 0 -14.509947 
-0.967664 0.029683 2 -28.169916 
-0.554946 0.028644 1 -102.659698 
-0.749445 0.017259 2 -67.722672 
0.481777 0.028400 0 -3.340991 
0.026589 0.007032 1 -84.042259 
-0.081933 0.017728 2 -73.410255 
-0.514382 -0.051382 2 -65.244202 
-0.804142 0.026776 0 -71.675087 
-0.654426 0.017642 1 -114.318474 
0.005091 -0.009705 2 -78.228249 
0.205202 0.066978 1 -8.163708 
-1.054446 -0.069462 0 -9.290430 
-0.001123 0.029365 2 -41.386333 
0.170283 0.060576 0 -26.285290 
-0.018928 -0.014433 2 -75.780632 
0.130674 -0.022461 0 -52.629288 
0.045380 0.009334 2 -69.340714 
-1.148417 0.016653 2 -28.294861 
-0.304575 -0.032632 0 -74.562782 
-0.739801 -0.061329 0 -34.443707 
-1.149909 -0.056685 2 -4.820030 
-0.251918 0.027011 2 -85.312546 
-1.087363 0.033675 1 -19.149471 
0.382600 0.029504 1 -5.984140 
0.411813 -0.035135 0 -23.947777 
-0.135653 0.010720 2 -93.971992 
0.302771 0.013521 0 -24.408398 
-1.085694 0.027518 2 -31.375057 
0.425857 0.063907 0 -0.640618 
-1.126477 -0.006958 1 -50.606628 
-0.897900 -0.055348 0 -39.312664 
0.085946 0.015020 2 -42.251923 
0.168513 -0.061989 0 0.000000 
-1.020526 -0.053402 2 -25.532188 
-1.065341 -0.008220 2 -44.463821 
-0.354121 0.044456 2 -27.405556 
0.377844 0.000875 2 -19.212893 
-0.496201 0.019380 2 -102.442535 
-0.518209 -0.023258 0 -81.654823 
0.237199 -0.061242 0 0.000000 
-1.142391 0.012144 1 -50.823402 
-0.881940 0.033544 1 -47.417847 
-1.013491 -0.055333 2 -24.640839 
-0.930115 -0.029523 1 -54.535736 
0.282736 0.050944 0 -1.751207 
-0.765816 -0.045299 1 -63.580914 
0.585121 0.016679 0 -1.474071 
-0.285493 0.033258 0 -90.008392 
0.542513 -0.067373 1 -16.857113 
-0.752416 -0.037210 1 -60.453339 
-0.410442 -0.044439 1 -74.944519 
0.304190 -0.051793 2 0.000000 
0.007781 0.019515 2 -51.065460 
-0.882001 -0.038791 2 -60.217915 
0.432478 0.065368 0 -0.640618 
-0.553572 -0.008030 2 -121.828682 
-1.190126 0.001931 0 -48.871048 
-1.008773 0.020844 2 -27.006393 
-0.249017 0.004302 2 -100.821381 
-0.233265 0.059391 0 -17.218082 
-0.704553 -0.055479 2 -58.393272 
-0.168312 0.027733 2 -80.189384 
-1.054217 0.069000 1 -16.407436 
-0.795443 0.024831 1 -78.370155 
-0.995954 0.066204 2 -3.974398 
0.521504 0.065248 1 0.000000 
-0.327268 -0.001246 2 -100.176842 
-0.828910 -0.034631 2 -59.348450 
0.215958 0.069171 1 -7.751297 
-0.351959 -0.063262 2 -27.456179 
0.176515 0.033794 2 -6.198772 
0.021736 0.046273 2 -3.306077 
0.571640 -0.003505 0 -19.915785 
-1.113883 -0.039731 0 -53.894855 
-0.479107 -0.021354 0 -78.008812 
0.389424 -0.014280 2 -11.402965 
-0.904650 -0.050276 2 -55.012104 
0.572773 0.060946 1 -4.105690 
-1.062248 -0.045214 2 -51.162716 
-0.082693 0.043658 2 -7.219213 
-0.341166 0.001800 0 -84.809669 
-0.765276 -0.063613 2 -27.557590 
-0.642216 0.017531 1 -114.318474 
-0.934601 -0.051374 2 -48.575710 
0.260154 0.060835 0 -0.820883 
-0.018372 0.026291 2 -46.165607 
-0.793419 0.042946 1 -38.623581 
-0.789410 0.068067 1 -17.896618 
-0.885680 -0.044545 1 -63.116047 
-1.014266 -0.055840 2 -24.640839 
-0.581316 0.025799 1 -109.345016 
0.050289 0.019335 2 -42.986809 
-0.371836 -0.016303 1 -97.077957 
0.042557 -0.020451 0 -74.107506 
-1.079584 -0.033564 1 -57.937000 
0.075687 0.061246 2 -23.992002 
-1.191964 0.060814 2 -9.130826 
-1.110601 0.007147 0 -46.239204 
-0.541654 -0.040637 2 -73.403931 
0.232068 0.025930 1 -23.756512 
0.045486 0.047786 2 -16.646994 
0.526248 0.053272 1 -7.412798 
-0.791662 0.035210 2 -21.193855 
-0.495641 -0.006859 2 -123.324547 
-0.409696 0.055831 0 -32.847771 
0.222557 -0.005731 2 -57.405472 
-0.515147 0.029876 1 -102.669067 
0.353190 -0.037141 2 -9.825493 
-1.033614 -0.031674 1 -60.193832 
-1.130972 -0.064488 0 -4.109202 
-0.992839 -0.045559 2 -55.964520 
-0.644108 0.005514 2 -100.550201 
-1.194221 -0.023010 0 -54.488003 
-1.156351 0.001823 1 -53.087723 
-0.089095 -0.004307 2 -83.048988 
0.113468 -0.011656 2 -71.707527 
-1.017791 0.062108 2 -5.775276 
-0.554121 0.054745 0 -38.028728 
-0.508617 0.048156 0 -48.772152 
-0.296881 0.020809 0 -95.660263 
-0.085784 -0.057306 0 -15.558081 
-0.334219 0.045270 1 -58.083359 
-0.953595 -0.008995 2 -44.535126 
0.203400 -0.015561 0 -52.400551 
-0.498294 -0.026284 0 -85.310783 
-0.934387 0.020125 1 -61.886024 
0.525147 -0.007486 0 -12.331408 
-0.601877 -0.015785 2 -110.357971 
-0.460502 0.002322 0 -106.584412 
-1.154713 -0.036852 2 -56.455864 
-0.331007 0.013098 0 -97.096161 
0.372284 0.046546 0 -1.326683 
-1.162126 -0.031736 0 -56.396214 
0.166892 -0.024372 2 -43.623718 
-0.270909 -0.015098 0 -77.312698 
-0.054689 0.024400 2 -64.619911 
0.111760 0.056183 2 -21.928356 
-0.462772 -0.030014 0 -82.391220 
0.027197 0.019315 1 -73.922562 
-0.674569 0.037114 0 -68.247513 
-0.142263 -0.056690 1 -15.777124 
-0.771047 0.045433 1 -37.775940 
-1.181258 0.004390 1 -46.336617 
-0.938036 -0.031311 2 -57.239361 
0.369150 -0.053383 0 -7.009627 
-0.398903 -0.030688 1 -89.164589 
-1.098259 0.030062 0 -26.130058 
0.281339 0.057479 0 -1.120354 
0.039319 0.046952 2 -3.306077 
-0.267319 -0.019179 0 -72.565659 
-0.243881 -0.043265 2 -69.870407 
-0.872028 0.059215 0 -22.747585 
-0.876544 -0.002707 1 -88.972801 
0.042746 -0.035366 0 -40.444820 
-0.203126 -0.000596 0 -83.487450 
0.245966 -0.043255 0 -11.288158 
0.299192 0.068556 0 -1.063742 
-0.319933 0.066867 1 -21.526316 
-0.317819 0.056213 1 -20.861231 
0.472914 -0.047795 0 -7.009627 
0.131640 0.036518 1 -19.892775 
0.137472 0.025325 2 -31.104460 
0.599211 -0.021850 0 -4.031040 
-0.191891 -0.066154 0 -9.803592 
0.375959 0.030394 0 -19.438309 
-0.924725 -0.058756 1 -25.987377 
-0.620512 0.011443 2 -98.243004 
0.489495 -0.015012 0 -9.861006 
0.473632 0.006341 2 1.676936 
-0.365816 0.041096 2 -38.959652 
0.400274 -0.012235 0 -11.215424 
-0.234086 -0.043077 0 -70.266113 
-0.206907 0.008097 0 -86.577225 
-0.199747 -0.058203 0 -23.393373 
0.554849 -0.039221 0 -18.973248 
0.111213 -0.055583 0 -2.427190 
-0.367791 -0.028697 0 -74.257217 
0.266095 0.044328 1 -7.992414 
-0.855618 0.016104 2 -46.281357 
-0.600045 -0.040643 0 -66.965477 
-0.394035 0.027283 2 -93.920151 
-0.963138 0.058602 2 -7.574861 
-1.170869 -0.013151 0 -52.684994 
-0.292804 -0.031568 1 -79.542046 
-0.532633 0.040929 0 -67.116364 
-0.631328 -0.031359 2 -75.114464 
0.219470 -0.049900 1 -6.170334 
-1.096840 0.065848 2 0.000000 
-0.782002 -0.033547 1 -63.716042 
0.460064 0.025352 0 0.139079 
0.406878 0.023658 0 -1.238229 
-0.373995 -0.055382 0 -45.295753 
0.383987 0.062280 0 -0.640618 
-1.011835 -0.016838 1 -59.494320 
0.343312 0.050102 1 -5.208564 
-0.229021 0.041425 2 -33.826599 
0.154582 -0.019318 2 -50.719761 
-0.049264 -0.022492 2 -81.459549 
-0.479497 0.029907 1 -100.935974 
0.169221 0.024695 2 -24.803473 
0.436128 -0.010654 0 -11.837320 
-0.384748 0.019194 0 -99.722992 
-1.113906 -0.052426 1 -21.360395 
0.339578 0.056296 0 -0.940088 
-0.988196 -0.029982 2 -59.115063 
0.013679 0.026114 0 -68.117744 
-0.208229 -0.041323 0 -69.134232 
-0.730735 0.007607 1 -112.342484 
